-0.455601,-0.808704,-0.372057,0,0.833798,-0.534068,0.139827,0,-0.311783,-0.246515,0.917618,0,44.4673,47.4493,-95.4713,1
-0.455558,-0.8087,-0.372117,0,0.83382,-0.53404,0.139808,0,-0.311788,-0.246588,0.917596,0,44.4663,47.437,-95.4881,1
-0.455555,-0.808699,-0.372123,0,0.833839,-0.534025,0.139753,0,-0.311741,-0.246625,0.917602,0,44.4631,47.4434,-95.4466,1
-0.455595,-0.808673,-0.372131,0,0.83383,-0.534053,0.139697,0,-0.311707,-0.246649,0.917608,0,44.4817,47.439,-95.469,1
-0.455563,-0.808685,-0.372144,0,0.833833,-0.534037,0.139742,0,-0.311746,-0.246644,0.917595,0,44.481,47.4529,-95.4693,1
-0.455577,-0.808661,-0.37218,0,0.833849,-0.534037,0.139644,0,-0.311682,-0.246723,0.917596,0,44.4937,47.435,-95.4581,1
-0.455578,-0.808667,-0.372165,0,0.833844,-0.534039,0.139666,0,-0.311693,-0.246699,0.917599,0,44.4816,47.4539,-95.4671,1
-0.45559,-0.808651,-0.372184,0,0.833823,-0.534065,0.13969,0,-0.311731,-0.246694,0.917587,0,44.4828,47.462,-95.4714,1
-0.455559,-0.808663,-0.372196,0,0.833836,-0.534042,0.139706,0,-0.311743,-0.246706,0.91758,0,44.4857,47.4491,-95.4754,1
-0.455549,-0.808675,-0.372182,0,0.833861,-0.534014,0.139662,0,-0.311691,-0.246726,0.917592,0,44.4872,47.4392,-95.4618,1
-0.455636,-0.808621,-0.372194,0,0.833806,-0.534104,0.139645,0,-0.31171,-0.24671,0.91759,0,44.503,47.4625,-95.4601,1
-0.455573,-0.808656,-0.372194,0,0.833831,-0.534052,0.139694,0,-0.311736,-0.246706,0.917582,0,44.482,47.4557,-95.4729,1
-0.455602,-0.808651,-0.372172,0,0.833824,-0.534069,0.139675,0,-0.311713,-0.246689,0.917594,0,44.494,47.4596,-95.4596,1
-0.455578,-0.808694,-0.372106,0,0.833846,-0.534027,0.139697,0,-0.311687,-0.246637,0.917617,0,44.4746,47.4469,-95.447,1
-0.455597,-0.808704,-0.372061,0,0.833775,-0.534086,0.139899,0,-0.311849,-0.246478,0.917605,0,44.4654,47.4751,-95.4985,1
-0.455669,-0.808734,-0.371908,0,0.833756,-0.534111,0.139917,0,-0.311796,-0.246324,0.917664,0,44.4923,47.4735,-95.4745,1
-0.455643,-0.808782,-0.371833,0,0.833798,-0.534051,0.139893,0,-0.311721,-0.246293,0.917698,0,44.4701,47.4508,-95.4562,1
-0.455709,-0.808788,-0.371741,0,0.833755,-0.534103,0.139955,0,-0.311742,-0.246163,0.917726,0,44.4824,47.4504,-95.483,1
-0.455773,-0.808821,-0.37159,0,0.833716,-0.53414,0.140044,0,-0.311751,-0.245972,0.917774,0,44.4798,47.4583,-95.4662,1
-0.455779,-0.808857,-0.371504,0,0.83375,-0.534102,0.139987,0,-0.311651,-0.245938,0.917817,0,44.4928,47.4429,-95.5082,1
-0.455862,-0.808925,-0.371256,0,0.833772,-0.534083,0.139925,0,-0.311471,-0.245757,0.917927,0,44.5264,47.4033,-95.517,1
-0.455847,-0.80899,-0.371133,0,0.833777,-0.53405,0.14002,0,-0.311478,-0.245615,0.917962,0,44.5181,47.3901,-95.528,1
-0.455924,-0.809027,-0.370956,0,0.83379,-0.534049,0.139949,0,-0.311331,-0.245493,0.918045,0,44.5346,47.3825,-95.5138,1
-0.455941,-0.809033,-0.370923,0,0.83379,-0.534052,0.139938,0,-0.311306,-0.245468,0.91806,0,44.5375,47.3601,-95.5212,1
-0.455911,-0.809132,-0.370745,0,0.833866,-0.533946,0.139891,0,-0.311148,-0.245374,0.918139,0,44.5377,47.3358,-95.5181,1
-0.455909,-0.809169,-0.370666,0,0.83382,-0.533967,0.140082,0,-0.311273,-0.245205,0.918142,0,44.5046,47.3278,-95.5527,1
-0.45593,-0.809236,-0.370492,0,0.833874,-0.533906,0.139997,0,-0.311098,-0.245115,0.918225,0,44.5232,47.2795,-95.5504,1
-0.456022,-0.80935,-0.37013,0,0.833859,-0.533902,0.1401,0,-0.311003,-0.244747,0.918355,0,44.5258,47.268,-95.555,1
-0.456053,-0.809431,-0.369916,0,0.833876,-0.533867,0.140132,0,-0.310913,-0.244556,0.918437,0,44.5137,47.2288,-95.5407,1
-0.45609,-0.809486,-0.36975,0,0.833865,-0.533866,0.140201,0,-0.310888,-0.244377,0.918493,0,44.5165,47.2274,-95.5654,1
-0.456182,-0.80953,-0.369539,0,0.833869,-0.533874,0.140149,0,-0.310742,-0.244214,0.918586,0,44.5437,47.2207,-95.5538,1
-0.456261,-0.809563,-0.369369,0,0.833895,-0.533864,0.140032,0,-0.310557,-0.244124,0.918672,0,44.568,47.1708,-95.5701,1
-0.456277,-0.809659,-0.369139,0,0.833925,-0.533809,0.140062,0,-0.310452,-0.243927,0.91876,0,44.5838,47.1465,-95.5957,1
-0.45633,-0.809748,-0.368879,0,0.833929,-0.533788,0.140117,0,-0.310363,-0.243679,0.918856,0,44.5656,47.1085,-95.6129,1
-0.456416,-0.809901,-0.368434,0,0.833932,-0.533753,0.140235,0,-0.31023,-0.243243,0.919016,0,44.595,47.0973,-95.6203,1
-0.456491,-0.809991,-0.368147,0,0.83392,-0.53375,0.140314,0,-0.310151,-0.242953,0.919119,0,44.5893,47.071,-95.6344,1
-0.456548,-0.810086,-0.367866,0,0.833949,-0.533709,0.140302,0,-0.30999,-0.242727,0.919233,0,44.6071,47.0442,-95.61,1
-0.456644,-0.810155,-0.367594,0,0.833894,-0.533754,0.140455,0,-0.309995,-0.242397,0.919319,0,44.5974,47.0334,-95.6466,1
-0.456676,-0.810265,-0.367311,0,0.833915,-0.533705,0.140517,0,-0.309891,-0.242135,0.919423,0,44.6001,47.0078,-95.6593,1
-0.456774,-0.810336,-0.367033,0,0.833905,-0.533715,0.140539,0,-0.309775,-0.241876,0.91953,0,44.6188,46.9889,-95.6629,1
-0.45679,-0.810448,-0.366765,0,0.833966,-0.533629,0.140502,0,-0.309586,-0.24169,0.919643,0,44.6209,46.943,-95.642,1
-0.456826,-0.810565,-0.366463,0,0.833961,-0.533599,0.140645,0,-0.309546,-0.241365,0.919742,0,44.6207,46.915,-95.6803,1
-0.457065,-0.810677,-0.365917,0,0.83388,-0.53369,0.140779,0,-0.309412,-0.240786,0.919938,0,44.6427,46.9215,-95.6786,1
-0.457091,-0.810799,-0.365614,0,0.83391,-0.533628,0.140838,0,-0.309293,-0.240514,0.92005,0,44.6464,46.8739,-95.6942,1
-0.457096,-0.810897,-0.36539,0,0.833936,-0.533572,0.140897,0,-0.309215,-0.240308,0.92013,0,44.6362,46.8444,-95.7144,1
-0.457164,-0.810992,-0.365094,0,0.833978,-0.533523,0.140835,0,-0.309002,-0.240095,0.920257,0,44.6601,46.8045,-95.7448,1
-0.457334,-0.811069,-0.36471,0,0.833951,-0.533565,0.140835,0,-0.308824,-0.239742,0.920409,0,44.6921,46.7801,-95.7641,1
-0.457412,-0.811214,-0.364288,0,0.833991,-0.533502,0.14084,0,-0.308599,-0.23939,0.920575,0,44.7025,46.7456,-95.7619,1
-0.457462,-0.811323,-0.363984,0,0.833993,-0.533472,0.140935,0,-0.308519,-0.239088,0.920681,0,44.6959,46.7055,-95.7692,1
-0.457622,-0.81154,-0.363298,0,0.834007,-0.533426,0.141032,0,-0.308245,-0.238454,0.920937,0,44.722,46.6586,-95.7713,1
-0.457672,-0.811659,-0.36297,0,0.834028,-0.533378,0.141086,0,-0.308114,-0.238156,0.921058,0,44.7301,46.6243,-95.8001,1
-0.457768,-0.811795,-0.362544,0,0.834049,-0.533338,0.141115,0,-0.307915,-0.237781,0.921221,0,44.7436,46.5879,-95.7943,1
-0.45783,-0.811923,-0.36218,0,0.833991,-0.533351,0.141405,0,-0.307978,-0.237315,0.92132,0,44.7001,46.5685,-95.8558,1
-0.457884,-0.812037,-0.361854,0,0.834019,-0.533302,0.141428,0,-0.307822,-0.237036,0.921444,0,44.7132,46.5315,-95.8757,1
-0.458011,-0.812181,-0.361369,0,0.834014,-0.533287,0.141513,0,-0.307648,-0.236572,0.921622,0,44.7305,46.5137,-95.8593,1
-0.458169,-0.812322,-0.360853,0,0.834023,-0.533273,0.141515,0,-0.307389,-0.236122,0.921824,0,44.7581,46.4695,-95.8651,1
-0.458257,-0.812452,-0.360448,0,0.834069,-0.533213,0.141468,0,-0.307132,-0.235809,0.921989,0,44.8005,46.4148,-95.9166,1
-0.458423,-0.812664,-0.359759,0,0.83411,-0.533148,0.141469,0,-0.306772,-0.235226,0.922258,0,44.8076,46.335,-95.92,1
-0.458536,-0.812786,-0.359337,0,0.834047,-0.533183,0.141713,0,-0.306774,-0.234723,0.922385,0,44.8108,46.3254,-95.976,1
-0.458597,-0.812961,-0.358865,0,0.834126,-0.533072,0.141664,0,-0.306468,-0.234372,0.922577,0,44.8173,46.2507,-95.9626,1
-0.458606,-0.813175,-0.358369,0,0.834165,-0.53296,0.141855,0,-0.306349,-0.233884,0.92274,0,44.7854,46.2034,-95.9905,1
-0.458853,-0.813272,-0.357831,0,0.834068,-0.53307,0.142011,0,-0.306242,-0.233293,0.922925,0,44.8173,46.1853,-95.9863,1
-0.458867,-0.813479,-0.357342,0,0.834124,-0.532949,0.142136,0,-0.306069,-0.232846,0.923095,0,44.8178,46.1585,-96.0143,1
-0.458918,-0.813602,-0.356996,0,0.834161,-0.532888,0.142151,0,-0.305894,-0.232557,0.923226,0,44.8105,46.0928,-96.0081,1
-0.45911,-0.813803,-0.35629,0,0.834182,-0.53285,0.142171,0,-0.305548,-0.231938,0.923496,0,44.8645,46.044,-96.0641,1
-0.459241,-0.813988,-0.355699,0,0.834213,-0.532792,0.142204,0,-0.305266,-0.231422,0.923719,0,44.8925,45.9827,-96.1029,1
-0.459269,-0.814199,-0.355179,0,0.834265,-0.532676,0.142329,0,-0.305079,-0.230946,0.9239,0,44.8862,45.9106,-96.1102,1
-0.459387,-0.814339,-0.354706,0,0.834263,-0.532658,0.142411,0,-0.304908,-0.230496,0.924069,0,44.8962,45.8745,-96.1523,1
-0.459553,-0.814515,-0.354085,0,0.834244,-0.532652,0.142548,0,-0.304711,-0.229885,0.924286,0,44.9166,45.8366,-96.1395,1
-0.459546,-0.81473,-0.3536,0,0.834328,-0.5325,0.142624,0,-0.304492,-0.229476,0.92446,0,44.9085,45.7749,-96.1692,1
-0.459672,-0.814969,-0.352885,0,0.834276,-0.532481,0.142999,0,-0.304444,-0.228671,0.924675,0,44.8811,45.7652,-96.1848,1
-0.459908,-0.815228,-0.351977,0,0.834267,-0.532454,0.14315,0,-0.304111,-0.227806,0.924998,0,44.9128,45.6762,-96.2268,1
-0.460065,-0.815417,-0.351334,0,0.834322,-0.532384,0.14309,0,-0.303722,-0.227295,0.925251,0,44.9466,45.6188,-96.2348,1
-0.460215,-0.8156,-0.350712,0,0.834307,-0.532367,0.143244,0,-0.303537,-0.226678,0.925464,0,44.9644,45.5706,-96.2621,1
-0.46033,-0.815817,-0.350056,0,0.83432,-0.532303,0.143403,0,-0.303326,-0.226046,0.925687,0,44.9732,45.5338,-96.2914,1
-0.460422,-0.816003,-0.349501,0,0.83433,-0.532247,0.143548,0,-0.303157,-0.225506,0.925874,0,44.9595,45.4697,-96.3138,1
-0.460578,-0.816195,-0.348847,0,0.834335,-0.532212,0.143652,0,-0.302908,-0.224893,0.926105,0,44.9987,45.4324,-96.3298,1
-0.460638,-0.816417,-0.348248,0,0.834384,-0.532103,0.143773,0,-0.302682,-0.224345,0.926311,0,44.992,45.364,-96.3694,1
-0.460877,-0.816608,-0.347481,0,0.834389,-0.532093,0.143779,0,-0.302303,-0.22367,0.926599,0,45.0564,45.3358,-96.3957,1
-0.461106,-0.816884,-0.346529,0,0.834398,-0.532042,0.143916,0,-0.301931,-0.222782,0.926934,0,45.0888,45.235,-96.4494,1
-0.461233,-0.817096,-0.345858,0,0.834445,-0.531958,0.143954,0,-0.301606,-0.222204,0.927178,0,45.1164,45.1742,-96.4597,1
-0.461353,-0.817318,-0.345174,0,0.834463,-0.531889,0.144102,0,-0.301372,-0.221553,0.92741,0,45.1377,45.125,-96.4892,1
-0.461446,-0.817463,-0.344706,0,0.834482,-0.531843,0.144161,0,-0.301176,-0.221128,0.927575,0,45.1396,45.0857,-96.487,1
-0.46153,-0.817716,-0.343992,0,0.834526,-0.531731,0.144323,0,-0.300926,-0.220461,0.927815,0,45.1557,45.0213,-96.5279,1
-0.461721,-0.817806,-0.343522,0,0.834532,-0.531748,0.144225,0,-0.300615,-0.220089,0.928004,0,45.1943,44.9547,-96.5375,1
-0.461799,-0.818063,-0.342804,0,0.834605,-0.53161,0.144311,0,-0.300294,-0.219463,0.928256,0,45.2258,44.8927,-96.5954,1
-0.461973,-0.81844,-0.34167,0,0.834655,-0.531468,0.144545,0,-0.299888,-0.2184,0.928638,0,45.2316,44.7909,-96.6553,1
-0.462105,-0.818668,-0.340943,0,0.834705,-0.531376,0.144596,0,-0.299545,-0.217768,0.928897,0,45.2396,44.7317,-96.6317,1
-0.462144,-0.818942,-0.340232,0,0.834741,-0.531245,0.144865,0,-0.299383,-0.217057,0.929116,0,45.2228,44.6423,-96.6901,1
-0.462319,-0.81917,-0.339444,0,0.83477,-0.531181,0.144937,0,-0.299034,-0.21635,0.929393,0,45.2491,44.565,-96.7309,1
-0.462501,-0.819403,-0.338631,0,0.834857,-0.531075,0.144824,0,-0.298507,-0.215727,0.929707,0,45.315,44.4782,-96.755,1
-0.462629,-0.819633,-0.337899,0,0.834855,-0.531017,0.145044,0,-0.298313,-0.214995,0.929939,0,45.3154,44.4231,-96.7958,1
-0.46282,-0.81988,-0.337038,0,0.83484,-0.530981,0.145267,0,-0.298062,-0.21414,0.930217,0,45.3361,44.3773,-96.8054,1
-0.463034,-0.820273,-0.335787,0,0.834841,-0.530876,0.145638,0,-0.297724,-0.212893,0.930611,0,45.326,44.2892,-96.843,1
-0.463255,-0.820512,-0.334895,0,0.834839,-0.530842,0.145774,0,-0.297385,-0.212053,0.930911,0,45.3762,44.2491,-96.862,1
-0.463402,-0.820773,-0.334051,0,0.834895,-0.530734,0.145848,0,-0.297001,-0.211311,0.931203,0,45.4141,44.1669,-96.9367,1
-0.463559,-0.821025,-0.333215,0,0.834937,-0.530644,0.14594,0,-0.296639,-0.210562,0.931488,0,45.4351,44.1062,-96.937,1
-0.46377,-0.821229,-0.332417,0,0.834895,-0.530649,0.146159,0,-0.296426,-0.209749,0.931739,0,45.4726,44.0685,-96.9839,1
-0.46388,-0.821524,-0.331533,0,0.83489,-0.530557,0.14652,0,-0.296267,-0.208825,0.931997,0,45.4377,44.0062,-97.0442,1
-0.464066,-0.821739,-0.330738,0,0.834923,-0.530497,0.146553,0,-0.295884,-0.208131,0.932274,0,45.4838,43.9284,-97.0514,1
-0.464279,-0.821963,-0.329881,0,0.834979,-0.530424,0.146494,0,-0.295389,-0.207429,0.932587,0,45.5445,43.8723,-97.0909,1
-0.464452,-0.822368,-0.328627,0,0.835067,-0.530236,0.146672,0,-0.294868,-0.206304,0.933002,0,45.5844,43.7276,-97.1568,1
-0.46452,-0.822682,-0.327743,0,0.835111,-0.530086,0.146963,0,-0.294636,-0.205434,0.933267,0,45.5621,43.6588,-97.1828,1
-0.464582,-0.822884,-0.327149,0,0.835155,-0.529984,0.14708,0,-0.294413,-0.204889,0.933457,0,45.5586,43.5936,-97.1953,1
-0.464699,-0.823093,-0.326455,0,0.835169,-0.529917,0.147245,0,-0.29419,-0.20422,0.933674,0,45.5671,43.5361,-97.2387,1
-0.464805,-0.823396,-0.325539,0,0.835262,-0.529749,0.147322,0,-0.293758,-0.203434,0.933981,0,45.5942,43.4276,-97.2964,1
-0.465012,-0.823642,-0.32462,0,0.835287,-0.529685,0.14741,0,-0.29336,-0.202603,0.934287,0,45.6266,43.353,-97.3203,1
-0.465073,-0.823989,-0.32365,0,0.835388,-0.529476,0.147586,0,-0.292974,-0.201735,0.934596,0,45.6314,43.258,-97.3596,1
-0.465267,-0.824379,-0.322376,0,0.8354,-0.529351,0.147969,0,-0.292632,-0.200468,0.934976,0,45.6441,43.1549,-97.4229,1
-0.465447,-0.824645,-0.321435,0,0.83546,-0.529244,0.148012,0,-0.292174,-0.199654,0.935293,0,45.686,43.0831,-97.4733,1
-0.465678,-0.82492,-0.320391,0,0.835451,-0.529196,0.148235,0,-0.291832,-0.198641,0.935615,0,45.7337,43.0289,-97.5211,1
-0.465869,-0.82515,-0.31952,0,0.835426,-0.529167,0.148481,0,-0.291599,-0.197763,0.935874,0,45.7609,42.9876,-97.5632,1
-0.466025,-0.825424,-0.318583,0,0.835453,-0.52907,0.148674,0,-0.291272,-0.196875,0.936163,0,45.7802,42.9309,-97.5811,1
-0.466103,-0.825704,-0.317744,0,0.83549,-0.528939,0.148932,0,-0.291041,-0.196054,0.936407,0,45.7775,42.8725,-97.6257,1
-0.466337,-0.825914,-0.316853,0,0.835516,-0.528896,0.148938,0,-0.290592,-0.195281,0.936708,0,45.8436,42.8239,-97.6487,1
-0.466471,-0.826155,-0.316026,0,0.835566,-0.528792,0.14903,0,-0.290234,-0.194542,0.936973,0,45.8688,42.7361,-97.7041,1
-0.466718,-0.826507,-0.31474,0,0.835594,-0.528685,0.149249,0,-0.289753,-0.193338,0.937371,0,45.9167,42.643,-97.7524,1
-0.466762,-0.826767,-0.31399,0,0.83566,-0.528531,0.149425,0,-0.289493,-0.192643,0.937594,0,45.8931,42.5594,-97.7743,1
-0.46683,-0.82704,-0.31317,0,0.835739,-0.52837,0.149553,0,-0.289156,-0.191913,0.937848,0,45.9023,42.4749,-97.7942,1
-0.466984,-0.827252,-0.312379,0,0.835794,-0.528281,0.14956,0,-0.288747,-0.191242,0.938111,0,45.9583,42.4015,-97.8735,1
-0.467092,-0.827486,-0.311597,0,0.835857,-0.528162,0.149629,0,-0.28839,-0.19056,0.938359,0,45.9825,42.315,-97.9004,1
-0.467161,-0.827722,-0.310866,0,0.835918,-0.52803,0.149753,0,-0.288101,-0.1899,0.938582,0,45.985,42.2433,-97.9311,1
-0.46727,-0.827973,-0.310033,0,0.835949,-0.527923,0.149957,0,-0.287834,-0.189102,0.938825,0,45.9982,42.1752,-97.9365,1
-0.467464,-0.828216,-0.30909,0,0.835976,-0.527849,0.150068,0,-0.287441,-0.18824,0.939119,0,46.0236,42.1061,-97.9653,1
-0.467538,-0.828373,-0.308557,0,0.836001,-0.52778,0.150172,0,-0.287248,-0.187743,0.939277,0,46.0498,42.0647,-98.0225,1
-0.467693,-0.828596,-0.307722,0,0.836065,-0.527679,0.150171,0,-0.28681,-0.187041,0.939551,0,46.0884,41.9771,-98.0365,1
-0.467745,-0.828832,-0.307006,0,0.836143,-0.527529,0.150263,0,-0.286497,-0.186416,0.939771,0,46.1008,41.9012,-98.0467,1
-0.467944,-0.828994,-0.306265,0,0.836088,-0.527548,0.150497,0,-0.286331,-0.185641,0.939975,0,46.1338,41.899,-98.1008,1
-0.468008,-0.82921,-0.305582,0,0.836116,-0.527445,0.150706,0,-0.286144,-0.18497,0.940164,0,46.1246,41.8362,-98.1394,1
-0.468181,-0.829417,-0.304754,0,0.836113,-0.527399,0.15088,0,-0.285869,-0.184169,0.940405,0,46.1653,41.8161,-98.1591,1
-0.468328,-0.829609,-0.304002,0,0.83613,-0.52734,0.150996,0,-0.285581,-0.18347,0.940629,0,46.1855,41.7472,-98.2121,1
-0.468489,-0.829917,-0.302912,0,0.836188,-0.527201,0.151158,0,-0.285144,-0.182475,0.940955,0,46.2384,41.6656,-98.258,1
-0.468542,-0.830143,-0.302212,0,0.836179,-0.52711,0.151523,0,-0.285085,-0.181708,0.941121,0,46.1965,41.6295,-98.3032,1
-0.468658,-0.830325,-0.301529,0,0.836217,-0.527031,0.151587,0,-0.284782,-0.181102,0.94133,0,46.2296,41.5673,-98.3151,1
-0.468665,-0.830563,-0.300862,0,0.836281,-0.526874,0.151783,0,-0.284582,-0.18047,0.941512,0,46.2292,41.5295,-98.3456,1
-0.468811,-0.830721,-0.300198,0,0.836298,-0.526829,0.151843,0,-0.284293,-0.179869,0.941714,0,46.2638,41.4863,-98.3837,1
-0.468901,-0.830916,-0.299518,0,0.836348,-0.526729,0.15192,0,-0.283997,-0.179266,0.941918,0,46.2796,41.4183,-98.4123,1
-0.469011,-0.831089,-0.298864,0,0.836391,-0.526649,0.15196,0,-0.283688,-0.178697,0.942119,0,46.3249,41.3736,-98.4543,1
-0.469106,-0.831352,-0.297981,0,0.836442,-0.526513,0.152148,0,-0.28338,-0.177871,0.942369,0,46.3355,41.2828,-98.4827,1
-0.469159,-0.83156,-0.297317,0,0.836469,-0.526407,0.152366,0,-0.283211,-0.177212,0.942543,0,46.3401,41.2455,-98.5233,1
-0.469243,-0.831727,-0.296716,0,0.836535,-0.526306,0.15235,0,-0.282877,-0.176724,0.942735,0,46.3495,41.1726,-98.5196,1
-0.469304,-0.831892,-0.296159,0,0.83656,-0.526226,0.152492,0,-0.282704,-0.176189,0.942887,0,46.3663,41.1321,-98.5617,1
-0.469314,-0.832048,-0.295704,0,0.836599,-0.526124,0.152628,0,-0.28257,-0.175755,0.943008,0,46.364,41.092,-98.5851,1
-0.469409,-0.832188,-0.295158,0,0.836668,-0.52604,0.152544,0,-0.28221,-0.175343,0.943193,0,46.3998,41.0138,-98.6261,1
-0.469437,-0.832338,-0.29469,0,0.836762,-0.525913,0.152466,0,-0.281884,-0.175012,0.943352,0,46.4431,40.9714,-98.6284,1
-0.469648,-0.832533,-0.293803,0,0.836698,-0.525919,0.152793,0,-0.281722,-0.174065,0.943575,0,46.4511,40.9415,-98.6726,1
-0.469701,-0.832714,-0.293204,0,0.836755,-0.525806,0.152868,0,-0.281464,-0.173537,0.94375,0,46.4555,40.8796,-98.6888,1
-0.469746,-0.83287,-0.292687,0,0.836762,-0.525735,0.153074,0,-0.281366,-0.173004,0.943877,0,46.4658,40.8681,-98.7323,1
-0.469817,-0.833008,-0.292181,0,0.836801,-0.525662,0.153113,0,-0.281133,-0.172562,0.944027,0,46.4894,40.8155,-98.7465,1
-0.469886,-0.83316,-0.291636,0,0.836788,-0.525612,0.153354,0,-0.281055,-0.171979,0.944156,0,46.4697,40.777,-98.7706,1
-0.469903,-0.833325,-0.291137,0,0.836882,-0.525474,0.15332,0,-0.28075,-0.171602,0.944316,0,46.4894,40.7097,-98.7999,1
-0.470032,-0.833458,-0.290549,0,0.836896,-0.525436,0.153367,0,-0.28049,-0.171072,0.944489,0,46.5332,40.6779,-98.8351,1
-0.470116,-0.833583,-0.290053,0,0.836924,-0.52538,0.15341,0,-0.280268,-0.170632,0.944635,0,46.5346,40.641,-98.836,1
-0.470197,-0.833784,-0.289341,0,0.836958,-0.525279,0.153569,0,-0.280028,-0.169958,0.944827,0,46.565,40.5877,-98.8988,1
-0.470316,-0.833922,-0.288751,0,0.836946,-0.525251,0.153727,0,-0.279863,-0.169368,0.944982,0,46.6007,40.5793,-98.9225,1
-0.470371,-0.834057,-0.288272,0,0.836951,-0.525194,0.153898,0,-0.279758,-0.16888,0.945101,0,46.5942,40.5399,-98.9396,1
-0.470428,-0.834178,-0.287828,0,0.836952,-0.525147,0.154054,0,-0.27966,-0.168427,0.945211,0,46.58,40.5214,-98.9562,1
-0.470505,-0.834305,-0.287331,0,0.836959,-0.5251,0.154176,0,-0.279507,-0.167944,0.945342,0,46.5918,40.502,-98.9842,1
-0.470584,-0.834419,-0.286873,0,0.836971,-0.525057,0.154256,0,-0.279339,-0.167514,0.945468,0,46.6129,40.455,-99.0265,1
-0.470681,-0.834546,-0.286343,0,0.837036,-0.524981,0.154165,0,-0.278982,-0.167117,0.945643,0,46.6679,40.4184,-99.0296,1
-0.470774,-0.834731,-0.28565,0,0.837087,-0.524881,0.154229,0,-0.278672,-0.166507,0.945842,0,46.696,40.3727,-99.0454,1
-0.470773,-0.834837,-0.285342,0,0.837117,-0.524805,0.15432,0,-0.278581,-0.166215,0.94592,0,46.6924,40.3289,-99.0823,1
-0.470806,-0.834935,-0.285,0,0.837127,-0.524756,0.154432,0,-0.278496,-0.165874,0.946005,0,46.6953,40.2982,-99.0997,1
-0.470834,-0.835037,-0.284656,0,0.837149,-0.524697,0.154515,0,-0.278384,-0.165549,0.946095,0,46.6945,40.2689,-99.1253,1
-0.47089,-0.835097,-0.284387,0,0.837148,-0.524683,0.154565,0,-0.27829,-0.165291,0.946168,0,46.7051,40.253,-99.1261,1
-0.470915,-0.835223,-0.283975,0,0.837172,-0.524608,0.154689,0,-0.278175,-0.16489,0.946272,0,46.7049,40.216,-99.1492,1
-0.470921,-0.83535,-0.283593,0,0.837178,-0.524538,0.154897,0,-0.278148,-0.164473,0.946352,0,46.6804,40.1899,-99.1716,1
-0.471014,-0.835514,-0.282954,0,0.837233,-0.524446,0.154911,0,-0.277824,-0.163933,0.946541,0,46.7124,40.1339,-99.174,1
-0.471045,-0.835603,-0.282638,0,0.837265,-0.524388,0.154933,0,-0.277675,-0.163663,0.946632,0,46.7197,40.1094,-99.1997,1
-0.471098,-0.835691,-0.282289,0,0.837318,-0.524326,0.15486,0,-0.277427,-0.163412,0.946748,0,46.7563,40.0729,-99.2228,1
-0.47111,-0.835801,-0.281943,0,0.837381,-0.524232,0.154835,0,-0.277215,-0.163149,0.946855,0,46.786,40.0357,-99.2317,1
-0.47112,-0.835895,-0.281648,0,0.837382,-0.524183,0.154997,0,-0.277196,-0.162825,0.946916,0,46.7671,40.0188,-99.2674,1
-0.471214,-0.835954,-0.281317,0,0.837382,-0.524181,0.155003,0,-0.277036,-0.16253,0.947014,0,46.79,39.9926,-99.2619,1
-0.471159,-0.836087,-0.281011,0,0.837451,-0.52405,0.155077,0,-0.276922,-0.162267,0.947092,0,46.7871,39.953,-99.2901,1
-0.471222,-0.836163,-0.280681,0,0.837436,-0.524036,0.155198,0,-0.276858,-0.161919,0.947171,0,46.7956,39.9536,-99.2807,1
-0.471264,-0.836285,-0.280247,0,0.837464,-0.523966,0.155287,0,-0.276704,-0.161515,0.947285,0,46.7957,39.8928,-99.3157,1
-0.471255,-0.836378,-0.279984,0,0.837515,-0.523883,0.155296,0,-0.276565,-0.161307,0.947361,0,46.8187,39.8841,-99.3396,1
-0.471326,-0.83641,-0.279767,0,0.837513,-0.523888,0.155284,0,-0.276448,-0.161119,0.947427,0,46.8173,39.8673,-99.3161,1
-0.471305,-0.836499,-0.279539,0,0.837547,-0.523812,0.155356,0,-0.276381,-0.160907,0.947482,0,46.8261,39.8409,-99.3591,1
-0.471323,-0.836569,-0.279297,0,0.837539,-0.523784,0.155497,0,-0.276375,-0.160632,0.947531,0,46.8128,39.8193,-99.3718,1
-0.4714,-0.836614,-0.279032,0,0.837535,-0.523786,0.155511,0,-0.276256,-0.160391,0.947606,0,46.8334,39.8163,-99.3728,1
-0.471437,-0.836671,-0.2788,0,0.837558,-0.523753,0.155498,0,-0.276123,-0.160204,0.947677,0,46.8396,39.7842,-99.364,1
-0.471371,-0.83682,-0.278463,0,0.83763,-0.523606,0.155605,0,-0.276018,-0.159901,0.947758,0,46.8375,39.7383,-99.4188,1
-0.471442,-0.836854,-0.278241,0,0.83763,-0.52361,0.15559,0,-0.275896,-0.159711,0.947826,0,46.8501,39.7373,-99.4069,1
-0.471504,-0.836892,-0.278021,0,0.837639,-0.523604,0.155562,0,-0.275761,-0.159533,0.947895,0,46.8862,39.718,-99.4183,1
-0.471502,-0.836971,-0.277788,0,0.837677,-0.523537,0.155582,0,-0.27565,-0.15934,0.94796,0,46.8889,39.6973,-99.4381,1
-0.471586,-0.836991,-0.277585,0,0.837651,-0.523569,0.155621,0,-0.275588,-0.15913,0.948013,0,46.901,39.7056,-99.4641,1
-0.471567,-0.837048,-0.277446,0,0.837653,-0.523529,0.155741,0,-0.275614,-0.158961,0.948034,0,46.8946,39.6758,-99.4652,1
-0.471591,-0.837105,-0.277231,0,0.837695,-0.52348,0.155677,0,-0.275442,-0.158819,0.948108,0,46.8959,39.6492,-99.4441,1
-0.471624,-0.837146,-0.277054,0,0.837683,-0.523475,0.155759,0,-0.275423,-0.158624,0.948146,0,46.9064,39.6464,-99.4877,1
-0.471583,-0.837217,-0.276906,0,0.837735,-0.523392,0.155762,0,-0.275337,-0.158519,0.948189,0,46.8999,39.6184,-99.4627,1
-0.471641,-0.837226,-0.276779,0,0.837696,-0.523428,0.155849,0,-0.275355,-0.158352,0.948211,0,46.899,39.64,-99.4657,1
-0.471622,-0.837268,-0.276687,0,0.837718,-0.523386,0.155873,0,-0.275321,-0.158272,0.948234,0,46.9058,39.6172,-99.4914,1
-0.471677,-0.83727,-0.276586,0,0.837691,-0.523418,0.15591,0,-0.275309,-0.158155,0.948258,0,46.9145,39.6194,-99.498,1
-0.471683,-0.837311,-0.276451,0,0.837714,-0.523384,0.155903,0,-0.275229,-0.158049,0.948298,0,46.9305,39.6042,-99.4953,1
-0.471693,-0.837346,-0.276329,0,0.837694,-0.523378,0.156025,0,-0.275271,-0.157883,0.948314,0,46.9129,39.6158,-99.497,1
-0.47169,-0.837365,-0.276276,0,0.837749,-0.523335,0.155877,0,-0.275111,-0.157925,0.948353,0,46.9346,39.5915,-99.5079,1
-0.471714,-0.837395,-0.276144,0,0.837739,-0.523332,0.155941,0,-0.275099,-0.157777,0.948381,0,46.936,39.5913,-99.5051,1
-0.471789,-0.837395,-0.276016,0,0.837694,-0.523382,0.156015,0,-0.275108,-0.157611,0.948406,0,46.9351,39.5863,-99.5155,1
-0.471772,-0.837422,-0.275964,0,0.837712,-0.523351,0.156023,0,-0.275083,-0.157571,0.94842,0,46.9294,39.5787,-99.5015,1
-0.471767,-0.837441,-0.275914,0,0.837725,-0.523331,0.156017,0,-0.275049,-0.157536,0.948436,0,46.9232,39.5699,-99.5249,1
-0.471706,-0.837481,-0.275898,0,0.837735,-0.523283,0.156125,0,-0.275124,-0.157484,0.948423,0,46.9105,39.5704,-99.5402,1
-0.471742,-0.837498,-0.275783,0,0.837773,-0.523263,0.155987,0,-0.274946,-0.157458,0.948479,0,46.937,39.5508,-99.5274,1
-0.471786,-0.837475,-0.275779,0,0.837728,-0.523317,0.156053,0,-0.27501,-0.157404,0.948469,0,46.9334,39.5678,-99.5485,1
-0.47178,-0.837483,-0.275764,0,0.837745,-0.5233,0.156015,0,-0.274967,-0.157415,0.94848,0,46.9244,39.5539,-99.5279,1
-0.471784,-0.837482,-0.27576,0,0.837731,-0.52331,0.156058,0,-0.275004,-0.157387,0.948474,0,46.9324,39.565,-99.5488,1
-0.471801,-0.837482,-0.275733,0,0.837735,-0.523313,0.156023,0,-0.274961,-0.157379,0.948488,0,46.9432,39.5768,-99.5398,1
-0.471788,-0.837502,-0.275695,0,0.837747,-0.52329,0.156033,0,-0.274947,-0.157348,0.948497,0,46.9352,39.5672,-99.5253,1
-0.471792,-0.837491,-0.275719,0,0.837728,-0.523309,0.156074,0,-0.274997,-0.157343,0.948483,0,46.9271,39.5596,-99.534,1
-0.471795,-0.837481,-0.275747,0,0.837714,-0.523324,0.156103,0,-0.275038,-0.157349,0.94847,0,46.9386,39.5651,-99.5657,1
-0.471773,-0.8375,-0.275725,0,0.837745,-0.523288,0.156055,0,-0.274979,-0.157365,0.948485,0,46.9309,39.5469,-99.532,1
-0.471824,-0.837464,-0.275746,0,0.837689,-0.523357,0.156127,0,-0.275064,-0.157325,0.948467,0,46.9129,39.5694,-99.5241,1
-0.471754,-0.837507,-0.275736,0,0.837715,-0.523295,0.156192,0,-0.275103,-0.157304,0.948459,0,46.9168,39.5774,-99.5422,1
-0.471677,-0.837534,-0.275786,0,0.837727,-0.523248,0.156286,0,-0.275199,-0.157316,0.948429,0,46.8823,39.5563,-99.5583,1
-0.47169,-0.837526,-0.275789,0,0.837669,-0.52329,0.156455,0,-0.275352,-0.157221,0.9484,0,46.8584,39.588,-99.5271,1
-0.471617,-0.837556,-0.275822,0,0.837701,-0.523231,0.156483,0,-0.275382,-0.157256,0.948386,0,46.8336,39.5841,-99.5184,1
-0.471674,-0.837509,-0.275867,0,0.837608,-0.52333,0.156651,0,-0.275566,-0.157181,0.948345,0,46.8113,39.6111,-99.501,1
-0.471615,-0.83754,-0.275872,0,0.837635,-0.523277,0.156681,0,-0.275584,-0.157187,0.948339,0,46.8074,39.6048,-99.4501,1
-0.471567,-0.837552,-0.275919,0,0.837609,-0.523269,0.156844,0,-0.275745,-0.15715,0.948298,0,46.7955,39.6136,-99.4504,1
-0.471532,-0.837562,-0.275949,0,0.837564,-0.523278,0.157059,0,-0.275945,-0.157066,0.948254,0,46.7463,39.6281,-99.3972,1
-0.471479,-0.837565,-0.27603,0,0.837533,-0.523277,0.157224,0,-0.276126,-0.157056,0.948203,0,46.712,39.6256,-99.3876,1
-0.471572,-0.837516,-0.276018,0,0.83749,-0.523359,0.157179,0,-0.276097,-0.157041,0.948214,0,46.7682,39.6531,-99.358,1
-0.471507,-0.837548,-0.276034,0,0.837477,-0.523327,0.157356,0,-0.27625,-0.156978,0.94818,0,46.7453,39.6589,-99.3084,1
-0.471488,-0.837547,-0.276068,0,0.837437,-0.523344,0.15751,0,-0.276401,-0.156926,0.948144,0,46.7346,39.6665,-99.2843,1
-0.471472,-0.83755,-0.27609,0,0.837414,-0.523351,0.157613,0,-0.276501,-0.156891,0.948121,0,46.732,39.6791,-99.2415,1
-0.471544,-0.837498,-0.276121,0,0.837355,-0.523437,0.157641,0,-0.276556,-0.156877,0.948107,0,46.7488,39.7132,-99.1921,1
-0.471499,-0.837517,-0.276143,0,0.837354,-0.523413,0.157726,0,-0.276635,-0.156862,0.948086,0,46.736,39.7184,-99.1429,1
-0.471489,-0.837471,-0.276298,0,0.837295,-0.523469,0.157854,0,-0.276831,-0.156916,0.94802,0,46.7188,39.7206,-99.1063,1
-0.471449,-0.837504,-0.276265,0,0.837319,-0.523423,0.157876,0,-0.276825,-0.156892,0.948026,0,46.7209,39.7227,-99.0122,1
-0.471478,-0.837463,-0.27634,0,0.837218,-0.523514,0.158115,0,-0.277083,-0.156809,0.947964,0,46.716,39.7689,-98.9852,1
-0.471463,-0.837453,-0.276397,0,0.837179,-0.523536,0.158244,0,-0.277226,-0.156788,0.947926,0,46.6839,39.7841,-98.9052,1
-0.471458,-0.837441,-0.276442,0,0.837128,-0.523571,0.158402,0,-0.277389,-0.156737,0.947887,0,46.6856,39.798,-98.8737,1
-0.47145,-0.837436,-0.27647,0,0.837062,-0.523608,0.158624,0,-0.277599,-0.156639,0.947841,0,46.6611,39.8412,-98.8138,1
-0.471474,-0.837403,-0.27653,0,0.836976,-0.523683,0.15883,0,-0.277819,-0.156565,0.947789,0,46.6213,39.8678,-98.7404,1
-0.471445,-0.837388,-0.276624,0,0.836908,-0.523721,0.159065,0,-0.278072,-0.156518,0.947722,0,46.6016,39.8895,-98.637,1
-0.471498,-0.837347,-0.276657,0,0.836808,-0.523818,0.159273,0,-0.278285,-0.156411,0.947678,0,46.596,39.9459,-98.5692,1
-0.471467,-0.837339,-0.276735,0,0.836802,-0.523816,0.159312,0,-0.278357,-0.156462,0.947648,0,46.5978,39.9305,-98.5101,1
-0.471463,-0.837329,-0.276771,0,0.836768,-0.523839,0.159412,0,-0.278464,-0.156436,0.947621,0,46.5914,39.9594,-98.4252,1
-0.471439,-0.837312,-0.276865,0,0.836725,-0.523866,0.15955,0,-0.278633,-0.156441,0.947571,0,46.5789,39.9648,-98.3665,1
-0.471458,-0.837287,-0.276908,0,0.836627,-0.523941,0.159816,0,-0.278895,-0.156322,0.947513,0,46.5636,40.0199,-98.2745,1
-0.471426,-0.837273,-0.277006,0,0.836578,-0.523966,0.15999,0,-0.279096,-0.156314,0.947455,0,46.5462,40.0334,-98.2146,1
-0.471393,-0.837266,-0.277082,0,0.836473,-0.524018,0.160368,0,-0.279467,-0.156176,0.947369,0,46.511,40.0762,-98.0789,1
-0.47135,-0.837249,-0.277205,0,0.836391,-0.52406,0.16066,0,-0.279785,-0.156124,0.947284,0,46.4598,40.1035,-97.9723,1
-0.47132,-0.83725,-0.277255,0,0.836347,-0.524074,0.16084,0,-0.279966,-0.156074,0.947238,0,46.4376,40.1129,-97.9023,1
-0.471324,-0.837226,-0.277318,0,0.836265,-0.524135,0.161071,0,-0.280205,-0.155995,0.947181,0,46.4113,40.1625,-97.812,1
-0.471333,-0.837223,-0.277315,0,0.836237,-0.524156,0.16115,0,-0.280275,-0.155945,0.947168,0,46.4233,40.1911,-97.7124,1
-0.471357,-0.837168,-0.277442,0,0.836123,-0.524259,0.161405,0,-0.280575,-0.155896,0.947087,0,46.3945,40.2239,-97.6376,1
-0.471348,-0.837148,-0.277515,0,0.836011,-0.524329,0.161754,0,-0.280922,-0.155763,0.947006,0,46.3689,40.2808,-97.5644,1
-0.471267,-0.837156,-0.277627,0,0.835969,-0.524322,0.161996,0,-0.281182,-0.155744,0.946932,0,46.3336,40.2898,-97.4641,1
-0.471145,-0.837179,-0.277764,0,0.835894,-0.524311,0.162419,0,-0.281609,-0.155658,0.946819,0,46.2587,40.3239,-97.3173,1
-0.471206,-0.837125,-0.277826,0,0.835765,-0.524433,0.162686,0,-0.281889,-0.155539,0.946756,0,46.2593,40.3868,-97.2802,1
-0.47118,-0.837118,-0.277893,0,0.835737,-0.524445,0.162794,0,-0.282017,-0.15554,0.946718,0,46.2462,40.3838,-97.1595,1
-0.471191,-0.83709,-0.277957,0,0.835659,-0.524508,0.162994,0,-0.282231,-0.155476,0.946664,0,46.2242,40.4062,-97.1163,1
-0.471128,-0.83711,-0.278003,0,0.835614,-0.5245,0.163247,0,-0.282468,-0.155393,0.946607,0,46.1853,40.4435,-97.0121,1
-0.47118,-0.837052,-0.278089,0,0.835484,-0.524622,0.163518,0,-0.282765,-0.155292,0.946535,0,46.1813,40.4736,-96.9496,1
-0.471048,-0.837104,-0.278157,0,0.835464,-0.52456,0.163821,0,-0.283046,-0.155223,0.946463,0,46.117,40.49,-96.8393,1
-0.47107,-0.837058,-0.278257,0,0.835304,-0.524682,0.164245,0,-0.28348,-0.155058,0.94636,0,46.0678,40.5409,-96.6888,1
-0.471045,-0.837048,-0.278332,0,0.835247,-0.524711,0.164442,0,-0.283689,-0.155016,0.946304,0,46.0497,40.5579,-96.6289,1
-0.470989,-0.837078,-0.278334,0,0.835239,-0.524679,0.164582,0,-0.283804,-0.154959,0.946279,0,46.0547,40.5756,-96.5515,1
-0.471017,-0.837059,-0.278345,0,0.835123,-0.524763,0.164903,0,-0.284099,-0.154781,0.946219,0,46.0212,40.6219,-96.5097,1
-0.471054,-0.837031,-0.278365,0,0.835084,-0.524813,0.164946,0,-0.284154,-0.15476,0.946206,0,46.0233,40.634,-96.4078,1
-0.470993,-0.837085,-0.278305,0,0.835034,-0.524788,0.165275,0,-0.284401,-0.154551,0.946166,0,45.9799,40.6459,-96.3515,1
-0.470982,-0.837089,-0.278314,0,0.834989,-0.524807,0.165442,0,-0.28455,-0.154469,0.946135,0,45.9745,40.6804,-96.2781,1
-0.470982,-0.83711,-0.278249,0,0.834872,-0.524858,0.165873,0,-0.284895,-0.154179,0.946078,0,45.9131,40.7122,-96.1957,1
-0.471034,-0.837106,-0.278174,0,0.834776,-0.524929,0.166131,0,-0.285091,-0.15396,0.946055,0,45.9013,40.7317,-96.1275,1
-0.471006,-0.837121,-0.278176,0,0.834738,-0.524931,0.166312,0,-0.285246,-0.15387,0.946023,0,45.8721,40.7504,-96.0647,1
-0.471003,-0.837147,-0.278104,0,0.834699,-0.524936,0.166494,0,-0.285366,-0.153714,0.946012,0,45.8705,40.7707,-96.0235,1
-0.471051,-0.837155,-0.277998,0,0.834637,-0.52498,0.166664,0,-0.285467,-0.15352,0.946013,0,45.8543,40.789,-95.9911,1
-0.471103,-0.83717,-0.277864,0,0.834618,-0.524998,0.166704,0,-0.285438,-0.153376,0.946045,0,45.8686,40.7889,-95.9183,1
-0.47114,-0.837176,-0.277783,0,0.834565,-0.525034,0.166852,0,-0.285531,-0.153218,0.946043,0,45.8816,40.8215,-95.8825,1
-0.471179,-0.837212,-0.277609,0,0.8345,-0.52506,0.167097,0,-0.285657,-0.152932,0.946051,0,45.8583,40.8605,-95.8388,1
-0.47121,-0.837221,-0.27753,0,0.834519,-0.525055,0.167021,0,-0.285552,-0.152902,0.946088,0,45.8841,40.8493,-95.7824,1
-0.471229,-0.837242,-0.277433,0,0.834464,-0.525078,0.167226,0,-0.285682,-0.152706,0.94608,0,45.855,40.8605,-95.7778,1
-0.471323,-0.837234,-0.277298,0,0.834383,-0.525156,0.167381,0,-0.285762,-0.152482,0.946092,0,45.8836,40.8919,-95.7599,1
-0.471314,-0.837301,-0.27711,0,0.834402,-0.525103,0.167455,0,-0.285721,-0.152297,0.946134,0,45.8751,40.8812,-95.7044,1
-0.471391,-0.837311,-0.27695,0,0.834332,-0.525158,0.167627,0,-0.285799,-0.15205,0.94615,0,45.8555,40.9001,-95.6897,1
-0.471373,-0.837388,-0.276748,0,0.834352,-0.525095,0.167724,0,-0.285769,-0.151845,0.946192,0,45.8595,40.8953,-95.6622,1
-0.471458,-0.83739,-0.276597,0,0.83426,-0.52517,0.167948,0,-0.285898,-0.151573,0.946197,0,45.8324,40.9211,-95.6551,1
-0.471437,-0.837494,-0.276318,0,0.834294,-0.525083,0.168053,0,-0.285833,-0.151304,0.94626,0,45.8416,40.9025,-95.6167,1
-0.471445,-0.837549,-0.276136,0,0.834257,-0.525071,0.168273,0,-0.285928,-0.151037,0.946273,0,45.8026,40.8991,-95.6028,1
-0.471478,-0.837618,-0.27587,0,0.83421,-0.525065,0.168529,0,-0.286013,-0.150676,0.946305,0,45.7798,40.9154,-95.6013,1
-0.471481,-0.837712,-0.27558,0,0.83422,-0.525002,0.168671,0,-0.285978,-0.150369,0.946365,0,45.7422,40.8968,-95.5692,1
-0.471549,-0.837754,-0.275338,0,0.834192,-0.525014,0.168774,0,-0.285947,-0.150099,0.946417,0,45.7441,40.8788,-95.5495,1
-0.471473,-0.837868,-0.275119,0,0.834243,-0.524893,0.168899,0,-0.285923,-0.149885,0.946458,0,45.7149,40.8602,-95.56,1
-0.471536,-0.837927,-0.274831,0,0.834259,-0.524868,0.168896,0,-0.285773,-0.14964,0.946542,0,45.7404,40.842,-95.55,1
-0.471585,-0.838048,-0.274379,0,0.834239,-0.52482,0.169146,0,-0.285752,-0.149131,0.946629,0,45.705,40.8076,-95.5852,1
-0.471688,-0.838096,-0.274056,0,0.834266,-0.524809,0.169043,0,-0.285501,-0.1489,0.946741,0,45.7527,40.8024,-95.5571,1
-0.471715,-0.83818,-0.27375,0,0.834283,-0.524757,0.169123,0,-0.285408,-0.148607,0.946815,0,45.7507,40.7925,-95.5751,1
-0.471786,-0.83826,-0.273382,0,0.834309,-0.524717,0.169117,0,-0.285212,-0.148298,0.946922,0,45.7826,40.7652,-95.573,1
-0.471857,-0.838352,-0.272978,0,0.834262,-0.524707,0.169379,0,-0.285233,-0.147812,0.946992,0,45.7541,40.7695,-95.5664,1
-0.471975,-0.838415,-0.27258,0,0.834247,-0.524714,0.169434,0,-0.285082,-0.14743,0.947097,0,45.783,40.7625,-95.5418,1
-0.471987,-0.838482,-0.272353,0,0.834262,-0.524668,0.169498,0,-0.285016,-0.147213,0.947151,0,45.7692,40.7384,-95.5387,1
-0.472027,-0.838518,-0.272175,0,0.834254,-0.524663,0.169556,0,-0.284976,-0.147027,0.947192,0,45.7696,40.7317,-95.5651,1
-0.472111,-0.83866,-0.27159,0,0.834271,-0.524593,0.169692,0,-0.284788,-0.146466,0.947335,0,45.7805,40.7189,-95.5503,1
-0.472191,-0.83874,-0.271205,0,0.834255,-0.524576,0.169816,0,-0.284699,-0.146069,0.947423,0,45.7846,40.7151,-95.5452,1
-0.472287,-0.838806,-0.270832,0,0.834231,-0.524579,0.16993,0,-0.284611,-0.145681,0.947509,0,45.7806,40.7161,-95.5413,1
-0.472297,-0.838923,-0.270452,0,0.834243,-0.524502,0.170108,0,-0.28456,-0.145281,0.947586,0,45.7545,40.6894,-95.5581,1
-0.472452,-0.838989,-0.269978,0,0.834179,-0.524543,0.170298,0,-0.284493,-0.144752,0.947687,0,45.7664,40.7098,-95.5379,1
-0.472529,-0.839071,-0.269587,0,0.834157,-0.524527,0.170455,0,-0.284429,-0.144333,0.94777,0,45.7562,40.7175,-95.5337,1
-0.472504,-0.839207,-0.269206,0,0.834226,-0.524397,0.170513,0,-0.284266,-0.14401,0.947868,0,45.752,40.6679,-95.5384,1
-0.472595,-0.839341,-0.268629,0,0.834221,-0.524344,0.1707,0,-0.28413,-0.143424,0.947998,0,45.7421,40.6655,-95.5464,1
-0.472674,-0.839442,-0.268172,0,0.834211,-0.52431,0.170855,0,-0.284029,-0.142953,0.948099,0,45.7482,40.6538,-95.5732,1
-0.47278,-0.839545,-0.267661,0,0.834191,-0.524288,0.171018,0,-0.283909,-0.142427,0.948214,0,45.7406,40.6327,-95.5633,1
-0.472946,-0.839593,-0.267218,0,0.834168,-0.524323,0.171025,0,-0.2837,-0.142019,0.948338,0,45.7723,40.6269,-95.5374,1
-0.472923,-0.839746,-0.266778,0,0.834219,-0.524191,0.171178,0,-0.283589,-0.141597,0.948434,0,45.7737,40.5984,-95.5538,1
-0.473073,-0.839818,-0.266285,0,0.834152,-0.524227,0.171396,0,-0.283535,-0.141039,0.948534,0,45.7494,40.6068,-95.5356,1
-0.473119,-0.839929,-0.265852,0,0.834136,-0.524178,0.171624,0,-0.283506,-0.140558,0.948614,0,45.7251,40.6036,-95.5317,1
-0.473169,-0.840051,-0.265379,0,0.834096,-0.524135,0.171947,0,-0.283539,-0.139992,0.948688,0,45.7017,40.6134,-95.5578,1
-0.473278,-0.840254,-0.264538,0,0.83411,-0.524031,0.172197,0,-0.283315,-0.139157,0.948877,0,45.7036,40.5724,-95.5383,1
-0.473373,-0.840364,-0.26402,0,0.834095,-0.523997,0.172376,0,-0.283204,-0.13862,0.948989,0,45.6937,40.5605,-95.5233,1
-0.473495,-0.840401,-0.263684,0,0.834014,-0.524052,0.172602,0,-0.283239,-0.13819,0.949041,0,45.6879,40.5804,-95.5332,1
-0.47349,-0.840542,-0.263244,0,0.834066,-0.523932,0.172711,0,-0.283093,-0.137786,0.949144,0,45.668,40.5298,-95.5252,1
-0.473596,-0.8406,-0.262866,0,0.834034,-0.523944,0.172833,0,-0.283011,-0.137386,0.949226,0,45.6681,40.5293,-95.5136,1
-0.473717,-0.84073,-0.26223,0,0.833983,-0.523921,0.173145,0,-0.282955,-0.136673,0.949346,0,45.6631,40.5337,-95.5058,1
-0.473741,-0.840873,-0.26173,0,0.834011,-0.523821,0.173313,0,-0.282834,-0.13618,0.949452,0,45.6397,40.5038,-95.4909,1
-0.473881,-0.841066,-0.260854,0,0.834027,-0.523729,0.173513,0,-0.282553,-0.135335,0.949657,0,45.6488,40.4687,-95.5049,1
-0.474081,-0.841133,-0.260274,0,0.833992,-0.523765,0.173574,0,-0.282321,-0.134778,0.949805,0,45.6997,40.4636,-95.4863,1
-0.474143,-0.841288,-0.259661,0,0.833988,-0.523684,0.173839,0,-0.282229,-0.134129,0.949925,0,45.6837,40.4594,-95.4869,1
-0.474226,-0.84145,-0.258984,0,0.833978,-0.523606,0.174119,0,-0.282118,-0.133415,0.950058,0,45.6513,40.4424,-95.4605,1
-0.474353,-0.84156,-0.25839,0,0.83391,-0.523604,0.17445,0,-0.282104,-0.132723,0.950159,0,45.6545,40.4437,-95.4753,1
-0.474415,-0.841719,-0.257761,0,0.833932,-0.523506,0.17464,0,-0.281937,-0.132103,0.950295,0,45.627,40.4126,-95.4648,1
-0.474527,-0.841844,-0.257143,0,0.83391,-0.523467,0.174863,0,-0.281813,-0.131457,0.950421,0,45.6467,40.3943,-95.4603,1
-0.474567,-0.842112,-0.25619,0,0.833892,-0.523305,0.175434,0,-0.2818,-0.130379,0.950574,0,45.5643,40.3782,-95.4452,1
-0.474687,-0.842228,-0.255587,0,0.833827,-0.523293,0.175773,0,-0.281788,-0.129678,0.950673,0,45.5476,40.3806,-95.4403,1
-0.474813,-0.842339,-0.254986,0,0.833819,-0.523261,0.175913,0,-0.281602,-0.129087,0.950809,0,45.5548,40.3543,-95.4308,1
-0.474939,-0.842496,-0.254233,0,0.833826,-0.523189,0.176089,0,-0.281366,-0.128354,0.950978,0,45.5746,40.3543,-95.4433,1
-0.475123,-0.842606,-0.253522,0,0.833844,-0.523163,0.176084,0,-0.281003,-0.127736,0.951168,0,45.6103,40.3226,-95.4047,1
-0.475217,-0.84274,-0.252898,0,0.833835,-0.523102,0.176302,0,-0.280869,-0.127093,0.951294,0,45.6168,40.2916,-95.4134,1
-0.475288,-0.842894,-0.252251,0,0.83382,-0.523024,0.176606,0,-0.280794,-0.126393,0.951409,0,45.5787,40.285,-95.3903,1
-0.47535,-0.843072,-0.251541,0,0.833782,-0.522937,0.177047,0,-0.280803,-0.125572,0.951515,0,45.5506,40.2761,-95.4178,1
-0.475517,-0.843222,-0.250721,0,0.833775,-0.522886,0.177229,0,-0.280542,-0.124769,0.951698,0,45.5806,40.2672,-95.3909,1
-0.475543,-0.843363,-0.250195,0,0.83379,-0.522788,0.177447,0,-0.280451,-0.124227,0.951796,0,45.5446,40.2259,-95.3758,1
-0.475666,-0.84348,-0.249565,0,0.833766,-0.522753,0.177661,0,-0.280315,-0.123571,0.951921,0,45.5504,40.2301,-95.3792,1
-0.475743,-0.843673,-0.248769,0,0.833751,-0.522647,0.178043,0,-0.280228,-0.122709,0.952058,0,45.5252,40.2245,-95.3633,1
-0.475935,-0.843773,-0.24806,0,0.833675,-0.522669,0.178338,0,-0.28013,-0.121924,0.952188,0,45.5346,40.2284,-95.383,1
-0.476042,-0.843933,-0.247307,0,0.833678,-0.522585,0.178568,0,-0.279938,-0.121168,0.952341,0,45.5263,40.2068,-95.3927,1
-0.476236,-0.844068,-0.246474,0,0.83369,-0.522543,0.178633,0,-0.279572,-0.120411,0.952545,0,45.576,40.1961,-95.3539,1
-0.476369,-0.844318,-0.245356,0,0.833701,-0.522398,0.179008,0,-0.279313,-0.11928,0.952763,0,45.5652,40.1546,-95.3521,1
-0.47647,-0.844475,-0.24462,0,0.833661,-0.522332,0.179384,0,-0.279258,-0.118459,0.952881,0,45.5318,40.1397,-95.3387,1
-0.476583,-0.844642,-0.243823,0,0.833645,-0.522251,0.179694,0,-0.279113,-0.117623,0.953027,0,45.5388,40.1398,-95.3381,1
-0.476704,-0.844832,-0.242924,0,0.833598,-0.522168,0.180156,0,-0.279048,-0.11662,0.95317,0,45.5076,40.1418,-95.3217,1
-0.476781,-0.844999,-0.242192,0,0.833594,-0.522069,0.180459,0,-0.278928,-0.11585,0.953298,0,45.4781,40.1012,-95.3066,1
-0.476857,-0.845198,-0.241347,0,0.833588,-0.521946,0.180841,0,-0.278816,-0.114949,0.953441,0,45.4541,40.071,-95.2997,1
-0.477005,-0.845353,-0.24051,0,0.833603,-0.521869,0.180993,0,-0.278518,-0.114155,0.953623,0,45.4774,40.0605,-95.277,1
-0.477133,-0.845615,-0.239331,0,0.833608,-0.521709,0.181434,0,-0.278284,-0.11294,0.953836,0,45.4635,40.0115,-95.3125,1
-0.477236,-0.845746,-0.238662,0,0.833616,-0.521637,0.1816,0,-0.278082,-0.112286,0.953972,0,45.4527,39.9765,-95.2973,1
-0.477329,-0.845923,-0.237849,0,0.833587,-0.521543,0.182005,0,-0.278011,-0.111391,0.954098,0,45.4392,39.9936,-95.2879,1
-0.477407,-0.846079,-0.237136,0,0.83359,-0.521446,0.182268,0,-0.277867,-0.110658,0.954225,0,45.4252,39.9636,-95.2896,1
-0.477473,-0.846212,-0.236528,0,0.833566,-0.521374,0.182587,0,-0.277826,-0.109981,0.954315,0,45.3942,39.9371,-95.3011,1
-0.477601,-0.846357,-0.235747,0,0.833554,-0.521304,0.182838,0,-0.277642,-0.109184,0.95446,0,45.4031,39.9376,-95.2709,1
-0.477644,-0.846462,-0.235286,0,0.83355,-0.521238,0.183046,0,-0.277581,-0.108692,0.954534,0,45.3836,39.9112,-95.2678,1
-0.477728,-0.846603,-0.234606,0,0.833531,-0.521161,0.183349,0,-0.277491,-0.10796,0.954643,0,45.3807,39.9169,-95.2788,1
-0.477833,-0.846759,-0.233826,0,0.833551,-0.521062,0.18354,0,-0.277252,-0.107204,0.954798,0,45.3706,39.8793,-95.2616,1
-0.477986,-0.84688,-0.233075,0,0.833543,-0.521017,0.183705,0,-0.277012,-0.10647,0.954949,0,45.3931,39.8802,-95.2418,1
-0.478044,-0.847039,-0.232378,0,0.833532,-0.520914,0.184048,0,-0.276945,-0.105711,0.955053,0,45.3696,39.8597,-95.2711,1
-0.478167,-0.847145,-0.231735,0,0.833515,-0.520872,0.18424,0,-0.276782,-0.105057,0.955173,0,45.3834,39.8502,-95.2557,1
-0.478219,-0.847281,-0.231131,0,0.833534,-0.520773,0.184438,0,-0.276638,-0.104453,0.955281,0,45.3733,39.8352,-95.2454,1
-0.478342,-0.847397,-0.230451,0,0.833507,-0.520728,0.184686,0,-0.276504,-0.103739,0.955397,0,45.3653,39.819,-95.2457,1
-0.478401,-0.847537,-0.229814,0,0.833514,-0.520631,0.18493,0,-0.276383,-0.103083,0.955503,0,45.3711,39.8107,-95.255,1
-0.478499,-0.847735,-0.228878,0,0.833489,-0.520509,0.185382,0,-0.276287,-0.102063,0.95564,0,45.3503,39.8103,-95.2296,1
-0.478641,-0.847802,-0.228331,0,0.833422,-0.520522,0.185649,0,-0.276245,-0.101436,0.955719,0,45.3617,39.8242,-95.2546,1
-0.47871,-0.847954,-0.227621,0,0.833405,-0.520425,0.185997,0,-0.276176,-0.100661,0.955821,0,45.3371,39.8294,-95.2472,1
-0.478856,-0.848,-0.227143,0,0.833377,-0.52044,0.186075,0,-0.276006,-0.100193,0.95592,0,45.3405,39.806,-95.2059,1
-0.47893,-0.848122,-0.226528,0,0.833384,-0.52036,0.186272,0,-0.275857,-0.0995735,0.956027,0,45.3441,39.7993,-95.2274,1
-0.479011,-0.8482,-0.226065,0,0.833415,-0.520308,0.186276,0,-0.275623,-0.0991776,0.956136,0,45.3667,39.7735,-95.2207,1
-0.479013,-0.848354,-0.225484,0,0.833445,-0.520171,0.186524,0,-0.275528,-0.0985809,0.956225,0,45.3569,39.7416,-95.2395,1
-0.479178,-0.848439,-0.224812,0,0.833386,-0.52017,0.186788,0,-0.275419,-0.0978502,0.956332,0,45.3509,39.7567,-95.1879,1
-0.479187,-0.848628,-0.224079,0,0.833384,-0.520016,0.187228,0,-0.275411,-0.0970269,0.956418,0,45.3078,39.7214,-95.2334,1
-0.479241,-0.848748,-0.223507,0,0.833397,-0.519927,0.187419,0,-0.275279,-0.0964512,0.956514,0,45.292,39.7206,-95.1909,1
-0.479291,-0.848844,-0.223036,0,0.833388,-0.519865,0.18763,0,-0.275217,-0.0959458,0.956583,0,45.282,39.711,-95.1987,1
-0.479396,-0.848926,-0.222495,0,0.833365,-0.519834,0.187818,0,-0.275104,-0.095381,0.956672,0,45.2874,39.7021,-95.1903,1
-0.479443,-0.849042,-0.221951,0,0.833362,-0.519751,0.188061,0,-0.275031,-0.0948015,0.95675,0,45.2614,39.689,-95.1906,1
-0.479493,-0.849132,-0.221499,0,0.833371,-0.519686,0.188201,0,-0.274917,-0.0943497,0.956828,0,45.2681,39.6586,-95.1894,1
-0.479562,-0.849224,-0.220997,0,0.833373,-0.519627,0.188355,0,-0.274791,-0.0938448,0.956913,0,45.2708,39.6535,-95.1797,1
-0.479596,-0.849383,-0.220309,0,0.833394,-0.519494,0.188631,0,-0.274669,-0.0931369,0.957018,0,45.2405,39.621,-95.1941,1
-0.479654,-0.849499,-0.219736,0,0.833419,-0.519403,0.188768,0,-0.27449,-0.0925887,0.957122,0,45.2475,39.607,-95.1777,1
-0.47973,-0.849566,-0.21931,0,0.833433,-0.519363,0.188818,0,-0.274315,-0.0921987,0.95721,0,45.2671,39.5962,-95.1841,1
-0.479835,-0.849617,-0.21888,0,0.833385,-0.519364,0.189024,0,-0.274277,-0.0917111,0.957268,0,45.2888,39.5924,-95.208,1
-0.47988,-0.849721,-0.218379,0,0.833427,-0.519273,0.189088,0,-0.274071,-0.0912633,0.95737,0,45.2583,39.583,-95.1589,1
-0.479804,-0.849851,-0.218041,0,0.833487,-0.51912,0.189246,0,-0.27402,-0.0909333,0.957415,0,45.2505,39.5264,-95.1886,1
-0.479939,-0.849892,-0.217582,0,0.833451,-0.519134,0.189364,0,-0.273893,-0.0904603,0.957497,0,45.2645,39.5363,-95.1671,1
-0.48001,-0.849971,-0.217119,0,0.83342,-0.519097,0.189605,0,-0.273864,-0.0899388,0.957554,0,45.2468,39.5566,-95.1601,1
-0.480088,-0.850071,-0.216552,0,0.833407,-0.519035,0.189829,0,-0.273767,-0.0893414,0.957638,0,45.248,39.5432,-95.1628,1
-0.480129,-0.850139,-0.216195,0,0.833418,-0.518984,0.189921,0,-0.273661,-0.0889943,0.9577,0,45.2468,39.5376,-95.1642,1
-0.48013,-0.850216,-0.21589,0,0.833423,-0.518915,0.190088,0,-0.273644,-0.088661,0.957736,0,45.2392,39.5252,-95.1572,1
-0.480147,-0.850279,-0.215603,0,0.833428,-0.518863,0.190209,0,-0.273599,-0.0883613,0.957777,0,45.2346,39.5191,-95.1774,1
-0.480242,-0.850316,-0.215246,0,0.833407,-0.518864,0.190299,0,-0.273498,-0.0879975,0.957839,0,45.238,39.5074,-95.1647,1
-0.480242,-0.850436,-0.21477,0,0.83341,-0.518756,0.190579,0,-0.273489,-0.0874671,0.95789,0,45.2161,39.5009,-95.1726,1
-0.480354,-0.850457,-0.214437,0,0.833364,-0.518784,0.190704,0,-0.273432,-0.0870989,0.95794,0,45.2208,39.4967,-95.1783,1
-0.480382,-0.850565,-0.213945,0,0.833384,-0.518689,0.190875,0,-0.273322,-0.0866052,0.958016,0,45.2127,39.4844,-95.178,1
-0.480425,-0.85062,-0.213631,0,0.833425,-0.51864,0.190828,0,-0.273119,-0.0863671,0.958095,0,45.2404,39.4807,-95.159,1
-0.48043,-0.850693,-0.213328,0,0.833438,-0.518572,0.190958,0,-0.273072,-0.0860538,0.958137,0,45.2248,39.4501,-95.1461,1
-0.48047,-0.850765,-0.212951,0,0.833426,-0.518522,0.191145,0,-0.273039,-0.0856394,0.958184,0,45.2141,39.4457,-95.1715,1
-0.480574,-0.850796,-0.212589,0,0.833401,-0.518531,0.19123,0,-0.272932,-0.0852717,0.958247,0,45.2179,39.4583,-95.1603,1
-0.480635,-0.850846,-0.212255,0,0.833399,-0.518504,0.19131,0,-0.272831,-0.0849425,0.958305,0,45.2476,39.4644,-95.1536,1
-0.480661,-0.850897,-0.211991,0,0.833383,-0.51847,0.191471,0,-0.272833,-0.0846372,0.958331,0,45.2236,39.4538,-95.174,1
-0.480746,-0.850984,-0.211446,0,0.833361,-0.518422,0.191698,0,-0.27275,-0.0840532,0.958406,0,45.2243,39.4611,-95.1599,1
-0.480765,-0.851041,-0.211174,0,0.833388,-0.518367,0.19173,0,-0.272636,-0.0838127,0.95846,0,45.2333,39.4476,-95.1535,1
-0.48074,-0.851108,-0.210961,0,0.833403,-0.518295,0.191861,0,-0.272635,-0.08358,0.958481,0,45.2114,39.433,-95.1321,1
-0.480774,-0.851146,-0.21073,0,0.833387,-0.518275,0.191984,0,-0.272623,-0.0833179,0.958507,0,45.2055,39.4364,-95.1641,1
-0.480787,-0.851201,-0.210479,0,0.833389,-0.518228,0.192101,0,-0.272592,-0.0830514,0.958539,0,45.1979,39.4196,-95.1554,1
-0.480868,-0.851209,-0.21026,0,0.83337,-0.518248,0.192129,0,-0.272509,-0.0828355,0.958581,0,45.2088,39.4232,-95.1497,1
-0.480797,-0.851291,-0.210092,0,0.833384,-0.51815,0.192331,0,-0.272589,-0.0826154,0.958577,0,45.1731,39.3927,-95.1576,1
-0.48086,-0.851316,-0.209845,0,0.833397,-0.51814,0.192303,0,-0.272439,-0.0824137,0.958637,0,45.1886,39.4118,-95.1603,1
-0.480891,-0.85135,-0.209637,0,0.833364,-0.518128,0.19248,0,-0.272486,-0.0821419,0.958647,0,45.1871,39.406,-95.1624,1
-0.480952,-0.851381,-0.20937,0,0.833373,-0.518114,0.19248,0,-0.272351,-0.0819096,0.958705,0,45.1893,39.4073,-95.1453,1
-0.480928,-0.85145,-0.209147,0,0.833378,-0.518042,0.19265,0,-0.272379,-0.0816479,0.95872,0,45.1667,39.3952,-95.1341,1
-0.480988,-0.851462,-0.20896,0,0.83338,-0.518047,0.192628,0,-0.272266,-0.0814916,0.958765,0,45.1795,39.3944,-95.1426,1
-0.481015,-0.851488,-0.208791,0,0.833351,-0.518039,0.192776,0,-0.272308,-0.081268,0.958772,0,45.166,39.3979,-95.1245,1
-0.481006,-0.851541,-0.208594,0,0.833402,-0.517972,0.192735,0,-0.272167,-0.081136,0.958823,0,45.1921,39.3951,-95.1295,1
-0.481057,-0.851541,-0.208475,0,0.833359,-0.517999,0.19285,0,-0.27221,-0.0809627,0.958826,0,45.1802,39.4006,-95.1476,1
-0.481042,-0.851598,-0.208277,0,0.833385,-0.517935,0.19291,0,-0.272156,-0.0807765,0.958857,0,45.1773,39.3768,-95.1448,1
-0.481129,-0.851588,-0.20812,0,0.833323,-0.517986,0.193036,0,-0.27219,-0.0805558,0.958866,0,45.1772,39.3942,-95.1501,1
-0.481083,-0.851648,-0.207978,0,0.83334,-0.517912,0.19316,0,-0.272219,-0.0803905,0.958871,0,45.159,39.3888,-95.157,1
-0.481064,-0.85169,-0.207851,0,0.833381,-0.517856,0.193136,0,-0.272129,-0.0803084,0.958904,0,45.1693,39.3871,-95.1377,1
-0.48111,-0.851677,-0.207796,0,0.833363,-0.517886,0.193132,0,-0.272101,-0.0802512,0.958917,0,45.1707,39.3782,-95.1676,1
-0.481073,-0.851727,-0.207676,0,0.833393,-0.51782,0.193177,0,-0.272073,-0.0801436,0.958933,0,45.164,39.3642,-95.1568,1
-0.481182,-0.851693,-0.207566,0,0.833338,-0.517899,0.193205,0,-0.27205,-0.0800056,0.958952,0,45.1639,39.3707,-95.1354,1
-0.481127,-0.851764,-0.2074,0,0.833377,-0.517806,0.193288,0,-0.272029,-0.0798459,0.958971,0,45.1584,39.3717,-95.1352,1
-0.481086,-0.851777,-0.207441,0,0.833413,-0.517772,0.193223,0,-0.27199,-0.0799272,0.958975,0,45.1562,39.3378,-95.1763,1
-0.481157,-0.851768,-0.207313,0,0.833412,-0.5178,0.193155,0,-0.27187,-0.079839,0.959017,0,45.1855,39.3411,-95.1291,1
-0.481167,-0.851761,-0.207319,0,0.833376,-0.517819,0.193255,0,-0.27196,-0.079787,0.958995,0,45.1701,39.3453,-95.1599,1
-0.48112,-0.851794,-0.207294,0,0.83339,-0.517772,0.193323,0,-0.272002,-0.079745,0.958987,0,45.1491,39.3351,-95.1684,1
-0.481157,-0.851794,-0.207208,0,0.833393,-0.517781,0.193286,0,-0.271928,-0.0796849,0.959013,0,45.164,39.358,-95.1353,1
-0.481159,-0.851792,-0.207213,0,0.83337,-0.517791,0.193357,0,-0.271992,-0.0796492,0.958998,0,45.1652,39.3585,-95.1565,1
-0.481189,-0.851775,-0.207212,0,0.83337,-0.517814,0.193296,0,-0.271942,-0.0796727,0.95901,0,45.1632,39.3427,-95.1457,1
-0.48117,-0.851807,-0.207124,0,0.833389,-0.517774,0.193321,0,-0.271915,-0.0795947,0.959024,0,45.1594,39.3461,-95.1273,1
-0.481151,-0.851811,-0.20715,0,0.833376,-0.517769,0.193392,0,-0.27199,-0.0795831,0.959004,0,45.1451,39.3552,-95.1533,1
-0.481222,-0.851787,-0.207087,0,0.833348,-0.517819,0.193378,0,-0.27195,-0.0795176,0.95902,0,45.1611,39.3598,-95.1265,1
-0.481183,-0.851798,-0.207129,0,0.833365,-0.517793,0.193374,0,-0.271965,-0.0795657,0.959012,0,45.1503,39.3599,-95.1435,1
-0.481182,-0.851807,-0.207098,0,0.833391,-0.517777,0.193303,0,-0.271888,-0.0795798,0.959033,0,45.1687,39.346,-95.1248,1
-0.48121,-0.851793,-0.207089,0,0.833386,-0.517799,0.19327,0,-0.271856,-0.0795811,0.959042,0,45.1531,39.3602,-95.0882,1
-0.481204,-0.851805,-0.207053,0,0.833427,-0.517774,0.19316,0,-0.271741,-0.0796138,0.959072,0,45.1671,39.3476,-95.0532,1
-0.481264,-0.851781,-0.20701,0,0.833433,-0.517811,0.193033,0,-0.271613,-0.0796289,0.959107,0,45.1837,39.3536,-95.0044,1
-0.48128,-0.851784,-0.206964,0,0.83345,-0.517808,0.192967,0,-0.271533,-0.0796228,0.95913,0,45.1633,39.3497,-94.9493,1
-0.481246,-0.851794,-0.206999,0,0.833472,-0.517782,0.19294,0,-0.271526,-0.0796763,0.959128,0,45.1574,39.3486,-94.9574,1
-0.481338,-0.851754,-0.206952,0,0.833483,-0.517842,0.192735,0,-0.271331,-0.0797207,0.959179,0,45.1749,39.3503,-94.868,1
-0.481335,-0.851761,-0.20693,0,0.833516,-0.517825,0.192638,0,-0.271236,-0.0797563,0.959203,0,45.1681,39.3469,-94.8256,1
-0.48137,-0.851756,-0.206868,0,0.833537,-0.517832,0.192524,0,-0.271106,-0.0797573,0.959239,0,45.1719,39.3613,-94.7689,1
-0.481437,-0.851721,-0.206858,0,0.83353,-0.517886,0.192411,0,-0.271009,-0.0797889,0.959264,0,45.1697,39.3668,-94.7097,1
-0.481423,-0.851751,-0.206767,0,0.833615,-0.517829,0.192195,0,-0.270772,-0.079837,0.959327,0,45.163,39.3469,-94.6004,1
-0.481506,-0.851716,-0.206717,0,0.833636,-0.517878,0.191973,0,-0.270561,-0.0798906,0.959382,0,45.1763,39.3566,-94.4991,1
-0.481456,-0.851758,-0.206663,0,0.833712,-0.517803,0.191845,0,-0.270416,-0.0799327,0.95942,0,45.1838,39.3394,-94.4444,1
-0.481537,-0.851717,-0.206639,0,0.833723,-0.51786,0.191646,0,-0.270238,-0.0799947,0.959465,0,45.1713,39.3462,-94.3604,1
-0.48158,-0.8517,-0.20661,0,0.833728,-0.517885,0.191551,0,-0.270145,-0.080009,0.95949,0,45.1722,39.3441,-94.324,1
-0.481622,-0.851701,-0.206508,0,0.833787,-0.517879,0.191315,0,-0.269889,-0.0800422,0.959559,0,45.1907,39.351,-94.2115,1
-0.481652,-0.851704,-0.206426,0,0.833832,-0.517871,0.191138,0,-0.269695,-0.0800622,0.959612,0,45.1784,39.3464,-94.1126,1
-0.481699,-0.851692,-0.206365,0,0.833882,-0.51788,0.190895,0,-0.269456,-0.0801303,0.959673,0,45.188,39.3428,-94.0123,1
-0.481785,-0.85166,-0.206297,0,0.833951,-0.517913,0.190504,0,-0.269088,-0.0802604,0.959766,0,45.1956,39.3399,-93.8489,1
-0.481807,-0.851674,-0.206187,0,0.834017,-0.517886,0.190288,0,-0.268844,-0.0802814,0.959832,0,45.1869,39.3506,-93.7341,1
-0.481901,-0.851628,-0.20616,0,0.834051,-0.517945,0.18998,0,-0.268572,-0.0803964,0.959899,0,45.2052,39.3343,-93.6057,1
-0.48198,-0.851609,-0.206053,0,0.834102,-0.517969,0.18969,0,-0.268271,-0.0804423,0.959979,0,45.2313,39.354,-93.4867,1
-0.481984,-0.851636,-0.20593,0,0.834193,-0.517918,0.189429,0,-0.267979,-0.0804836,0.960057,0,45.2113,39.3205,-93.345,1
-0.482092,-0.851587,-0.205881,0,0.834248,-0.517976,0.189027,0,-0.267614,-0.0806278,0.960147,0,45.2441,39.3375,-93.1996,1
-0.48216,-0.851581,-0.205749,0,0.834295,-0.517986,0.188791,0,-0.267346,-0.080628,0.960222,0,45.2241,39.3308,-93.0483,1
-0.482282,-0.851535,-0.205653,0,0.834363,-0.518042,0.18834,0,-0.266915,-0.0807566,0.960331,0,45.2553,39.3338,-92.874,1
-0.482306,-0.851543,-0.205562,0,0.834447,-0.518016,0.188039,0,-0.266607,-0.0808381,0.960409,0,45.242,39.3223,-92.7194,1
-0.482359,-0.851533,-0.205479,0,0.834517,-0.518018,0.187718,0,-0.26629,-0.0809282,0.96049,0,45.2451,39.3148,-92.5823,1
-0.482475,-0.851495,-0.205362,0,0.834578,-0.518066,0.187316,0,-0.265889,-0.0810155,0.960593,0,45.2652,39.3252,-92.3959,1
-0.482581,-0.851462,-0.20525,0,0.834648,-0.518104,0.186899,0,-0.265478,-0.0811168,0.960698,0,45.2913,39.3155,-92.2282,1
-0.482616,-0.851462,-0.205171,0,0.83471,-0.518096,0.186644,0,-0.265218,-0.0811812,0.960765,0,45.2981,39.3097,-92.1182,1
-0.482627,-0.851476,-0.205083,0,0.834798,-0.518059,0.186354,0,-0.264921,-0.0812631,0.96084,0,45.2701,39.2964,-91.9603,1
-0.482731,-0.851445,-0.20497,0,0.834867,-0.518095,0.185945,0,-0.264516,-0.0813612,0.960943,0,45.3078,39.303,-91.8038,1
-0.482849,-0.851404,-0.204864,0,0.834883,-0.51816,0.18569,0,-0.26425,-0.0813776,0.961015,0,45.3126,39.3309,-91.6577,1
-0.482879,-0.851405,-0.204785,0,0.834963,-0.518142,0.18538,0,-0.263941,-0.081472,0.961092,0,45.3409,39.3069,-91.5501,1
-0.482981,-0.851375,-0.20467,0,0.835023,-0.51818,0.185006,0,-0.263566,-0.0815495,0.961188,0,45.3625,39.3062,-91.3909,1
-0.48298,-0.851398,-0.204576,0,0.835105,-0.518133,0.184767,0,-0.263308,-0.0816035,0.961254,0,45.3522,39.2857,-91.2699,1
-0.483011,-0.851384,-0.204566,0,0.835136,-0.518145,0.184589,0,-0.26315,-0.0816818,0.961291,0,45.3512,39.2866,-91.206,1
-0.483072,-0.851369,-0.204479,0,0.83516,-0.518168,0.184419,0,-0.262963,-0.0816847,0.961342,0,45.3503,39.2895,-91.1182,1
-0.483208,-0.85132,-0.204365,0,0.835243,-0.518225,0.183882,0,-0.26245,-0.0818406,0.961469,0,45.4325,39.286,-91.0058,1
-0.483245,-0.851334,-0.204221,0,0.835331,-0.518195,0.183565,0,-0.262102,-0.0818848,0.96156,0,45.4441,39.262,-90.8503,1
-0.483314,-0.851299,-0.204203,0,0.835322,-0.518249,0.183455,0,-0.262003,-0.0819085,0.961585,0,45.441,39.281,-90.7844,1
-0.483341,-0.8513,-0.204134,0,0.835377,-0.518238,0.183232,0,-0.261776,-0.081965,0.961642,0,45.4526,39.2741,-90.7007,1
-0.483362,-0.851296,-0.2041,0,0.835394,-0.518242,0.183146,0,-0.261684,-0.0819784,0.961666,0,45.4472,39.2885,-90.6322,1
-0.483375,-0.851298,-0.204062,0,0.835412,-0.518239,0.183072,0,-0.261601,-0.0819836,0.961688,0,45.4268,39.2834,-90.5381,1
-0.483358,-0.851313,-0.204038,0,0.835441,-0.518211,0.183018,0,-0.26154,-0.0819986,0.961703,0,45.4169,39.2833,-90.4959,1
-0.483433,-0.85129,-0.203957,0,0.835467,-0.518244,0.182804,0,-0.261319,-0.0820259,0.961761,0,45.4238,39.2751,-90.4053,1
-0.483486,-0.851264,-0.20394,0,0.835451,-0.518288,0.182753,0,-0.261271,-0.0820233,0.961774,0,45.4423,39.2793,-90.3882,1
-0.483473,-0.851282,-0.203895,0,0.835532,-0.518243,0.182513,0,-0.261037,-0.0821208,0.96183,0,45.4473,39.2739,-90.2835,1
-0.483478,-0.851279,-0.203893,0,0.835539,-0.518245,0.182477,0,-0.261005,-0.0821368,0.961837,0,45.4207,39.2669,-90.2562,1
-0.4835,-0.851279,-0.203843,0,0.835572,-0.518241,0.182334,0,-0.260857,-0.0821669,0.961874,0,45.4347,39.2714,-90.1935,1
-0.483537,-0.85125,-0.203875,0,0.835536,-0.518288,0.182366,0,-0.260905,-0.0821639,0.961862,0,45.4312,39.2774,-90.2003,1
-0.483545,-0.85126,-0.203814,0,0.835558,-0.518275,0.182305,0,-0.260821,-0.0821453,0.961886,0,45.4224,39.2922,-90.161,1
-0.483531,-0.851268,-0.203817,0,0.835586,-0.518255,0.182232,0,-0.260757,-0.0821921,0.9619,0,45.4218,39.2729,-90.1327,1
-0.483612,-0.851224,-0.203807,0,0.835549,-0.518328,0.182191,0,-0.260725,-0.0821812,0.961909,0,45.4369,39.287,-90.1176,1
-0.483578,-0.851246,-0.203794,0,0.835582,-0.518289,0.182154,0,-0.260682,-0.0822012,0.961919,0,45.4362,39.2851,-90.0891,1
-0.483645,-0.851212,-0.203779,0,0.835569,-0.518342,0.18206,0,-0.260599,-0.0822191,0.96194,0,45.4442,39.2893,-90.0671,1
-0.483604,-0.851241,-0.203754,0,0.835601,-0.518294,0.18205,0,-0.260573,-0.0822169,0.961947,0,45.4399,39.2851,-90.0436,1
-0.483602,-0.851242,-0.203757,0,0.835599,-0.518294,0.182061,0,-0.260584,-0.082214,0.961944,0,45.4279,39.288,-90.0399,1
-0.483622,-0.851227,-0.20377,0,0.835594,-0.518314,0.182026,0,-0.260562,-0.0822367,0.961948,0,45.4238,39.2784,-90.0332,1
-0.4836,-0.851243,-0.203757,0,0.835623,-0.518285,0.181976,0,-0.26051,-0.0822606,0.96196,0,45.4334,39.2726,-90.0316,1
-0.483575,-0.85125,-0.203786,0,0.835626,-0.518271,0.182005,0,-0.260548,-0.0822758,0.961949,0,45.4278,39.2665,-90.0368,1
-0.483584,-0.851259,-0.203728,0,0.835619,-0.518267,0.182045,0,-0.260553,-0.0822043,0.961954,0,45.4288,39.2809,-90.0321,1
-0.483676,-0.851236,-0.203603,0,0.83555,-0.518335,0.182168,0,-0.260603,-0.0820104,0.961957,0,45.4368,39.2969,-90.0295,1
-0.483642,-0.851254,-0.203612,0,0.835573,-0.518303,0.182155,0,-0.260593,-0.0820353,0.961957,0,45.4389,39.2919,-90.0315,1
-0.48367,-0.851258,-0.20353,0,0.835555,-0.518313,0.182207,0,-0.260597,-0.0819324,0.961965,0,45.4274,39.311,-90.0223,1
-0.483695,-0.851257,-0.203472,0,0.835521,-0.518331,0.182313,0,-0.260661,-0.0818211,0.961957,0,45.4172,39.3218,-90.0303,1
-0.483693,-0.851287,-0.203354,0,0.835516,-0.518305,0.182406,0,-0.26068,-0.0816772,0.961964,0,45.418,39.3158,-90.0406,1
-0.483713,-0.851279,-0.203339,0,0.835486,-0.518328,0.182483,0,-0.26074,-0.0816171,0.961953,0,45.405,39.3272,-90.0464,1
-0.483758,-0.851282,-0.203219,0,0.835443,-0.518351,0.182613,0,-0.260794,-0.0814374,0.961954,0,45.4096,39.3665,-90.0464,1
-0.483825,-0.851263,-0.203139,0,0.835392,-0.518402,0.1827,0,-0.260833,-0.0813054,0.961954,0,45.4218,39.3832,-90.0493,1
-0.483834,-0.851301,-0.202959,0,0.835383,-0.518374,0.182822,0,-0.260845,-0.0810927,0.961969,0,45.407,39.3954,-90.0293,1
-0.48388,-0.851281,-0.202932,0,0.835338,-0.518419,0.182902,0,-0.260904,-0.0810142,0.961959,0,45.4056,39.4033,-90.0386,1
-0.483937,-0.851265,-0.202861,0,0.835307,-0.518459,0.182931,0,-0.260898,-0.0809242,0.961969,0,45.4052,39.4211,-90.0311,1
-0.483934,-0.851308,-0.20269,0,0.835306,-0.518419,0.183045,0,-0.260906,-0.0807266,0.961983,0,45.3925,39.4266,-90.0129,1
-0.483958,-0.851332,-0.202533,0,0.835263,-0.518418,0.183246,0,-0.261,-0.0804849,0.961978,0,45.3949,39.4506,-90.0221,1
-0.483988,-0.851349,-0.202386,0,0.83521,-0.518427,0.18346,0,-0.261111,-0.0802421,0.961968,0,45.3628,39.4625,-90.0418,1
-0.484057,-0.851351,-0.202215,0,0.835171,-0.518457,0.183556,0,-0.26111,-0.0800322,0.961986,0,45.3885,39.5011,-90.0328,1
-0.484146,-0.851336,-0.202063,0,0.835098,-0.518517,0.183717,0,-0.261178,-0.079796,0.961987,0,45.3766,39.5332,-90.0239,1
-0.484215,-0.85134,-0.201883,0,0.835037,-0.518552,0.183898,0,-0.261246,-0.0795337,0.96199,0,45.3778,39.5375,-90.0287,1
-0.484262,-0.851358,-0.201693,0,0.834989,-0.518562,0.184084,0,-0.261312,-0.0792661,0.961995,0,45.3746,39.5837,-90.0379,1
-0.484317,-0.851363,-0.201539,0,0.834925,-0.518592,0.184288,0,-0.261413,-0.0790157,0.961988,0,45.3606,39.6084,-90.0265,1
-0.484386,-0.851378,-0.201311,0,0.834855,-0.518619,0.184532,0,-0.26151,-0.0786808,0.961988,0,45.3575,39.6529,-90.0422,1
-0.484408,-0.851415,-0.201102,0,0.83481,-0.518604,0.184776,0,-0.261613,-0.0783753,0.961985,0,45.337,39.6661,-90.0427,1
-0.484529,-0.851426,-0.200762,0,0.834713,-0.518656,0.185068,0,-0.261698,-0.0779083,0.962,0,45.321,39.7197,-90.035,1
-0.484611,-0.851413,-0.200616,0,0.834634,-0.518714,0.185264,0,-0.261799,-0.07766,0.961993,0,45.3211,39.7557,-90.0449,1
-0.48462,-0.85146,-0.200398,0,0.834608,-0.518681,0.185474,0,-0.261867,-0.077369,0.961998,0,45.3094,39.7563,-90.0447,1
-0.484777,-0.851417,-0.200204,0,0.8345,-0.518796,0.185635,0,-0.261918,-0.0770786,0.962007,0,45.3049,39.8173,-90.0328,1
-0.484742,-0.851492,-0.199967,0,0.83448,-0.518723,0.18593,0,-0.262045,-0.0767405,0.962,0,45.2687,39.8261,-90.0332,1
-0.484815,-0.851497,-0.199768,0,0.834418,-0.518756,0.186118,0,-0.26211,-0.0764577,0.962005,0,45.2815,39.861,-90.0431,1
-0.484919,-0.851477,-0.199604,0,0.834334,-0.518827,0.186294,0,-0.262185,-0.0761993,0.962005,0,45.2835,39.8906,-90.0389,1
-0.485029,-0.851507,-0.199208,0,0.834209,-0.518865,0.186747,0,-0.262378,-0.0756037,0.961999,0,45.2546,39.9476,-90.0324,1
-0.485111,-0.851538,-0.198872,0,0.834117,-0.518884,0.187104,0,-0.262518,-0.0751166,0.961999,0,45.2458,39.9915,-90.0553,1
-0.485242,-0.851548,-0.198508,0,0.833989,-0.518947,0.187504,0,-0.262684,-0.0745685,0.961996,0,45.2191,40.0651,-90.0543,1
-0.485333,-0.851569,-0.198196,0,0.833936,-0.518965,0.187686,0,-0.262684,-0.0741927,0.962025,0,45.2265,40.0785,-90.0323,1
-0.485383,-0.851584,-0.198009,0,0.833861,-0.518986,0.187961,0,-0.262828,-0.0738789,0.96201,0,45.2141,40.122,-90.0512,1
-0.485489,-0.851591,-0.19772,0,0.833779,-0.519031,0.188202,0,-0.262894,-0.0734851,0.962022,0,45.2066,40.1603,-90.0365,1
-0.485578,-0.851627,-0.197347,0,0.83369,-0.519045,0.188557,0,-0.263012,-0.0729671,0.962029,0,45.1863,40.1994,-90.0328,1
-0.4857,-0.851614,-0.197103,0,0.833566,-0.519124,0.188888,0,-0.263181,-0.0725555,0.962014,0,45.1721,40.246,-90.0457,1
-0.485812,-0.85168,-0.196541,0,0.833425,-0.519129,0.189495,0,-0.263419,-0.0717427,0.96201,0,45.1351,40.3072,-90.0576,1
-0.485923,-0.851688,-0.196233,0,0.83334,-0.519173,0.189748,0,-0.263485,-0.0713258,0.962023,0,45.1428,40.363,-90.0412,1
-0.485983,-0.851721,-0.195938,0,0.833266,-0.519177,0.190064,0,-0.263608,-0.0709001,0.962021,0,45.1203,40.3994,-90.0358,1
-0.4862,-0.851691,-0.195529,0,0.833099,-0.519307,0.19044,0,-0.263735,-0.0703028,0.96203,0,45.134,40.4612,-90.0317,1
-0.486284,-0.85172,-0.195195,0,0.833015,-0.519323,0.190761,0,-0.263844,-0.0698359,0.962034,0,45.108,40.5205,-90.0273,1
-0.486365,-0.851751,-0.194856,0,0.832879,-0.519349,0.191283,0,-0.264124,-0.0692581,0.961999,0,45.0725,40.5816,-90.0643,1
-0.486538,-0.851759,-0.194389,0,0.832741,-0.519422,0.191688,0,-0.264242,-0.0686121,0.962013,0,45.084,40.6568,-90.0462,1
-0.486724,-0.851803,-0.193731,0,0.832546,-0.519476,0.192386,0,-0.264513,-0.0676505,0.962006,0,45.0397,40.7349,-90.0556,1
-0.486834,-0.851824,-0.193363,0,0.832453,-0.519507,0.192703,0,-0.264603,-0.0671512,0.962017,0,45.0221,40.7883,-90.0348,1
-0.486962,-0.851822,-0.19305,0,0.83233,-0.519572,0.19306,0,-0.264756,-0.0666685,0.962008,0,45.027,40.8341,-90.0504,1
-0.487034,-0.851845,-0.192766,0,0.832265,-0.519584,0.193307,0,-0.264826,-0.0662848,0.962016,0,45.0091,40.8715,-90.0346,1
-0.487199,-0.851857,-0.192293,0,0.832099,-0.519654,0.193834,0,-0.265045,-0.065571,0.962004,0,44.9899,40.9586,-90.0485,1
-0.487316,-0.851894,-0.191835,0,0.83195,-0.519683,0.194395,0,-0.265297,-0.0648655,0.961982,0,44.9577,41.0211,-90.0738,1
-0.487443,-0.851921,-0.19139,0,0.83185,-0.519711,0.194746,0,-0.265375,-0.0642803,0.962,0,44.9595,41.08,-90.0598,1
-0.4876,-0.851922,-0.190985,0,0.831693,-0.519786,0.195217,0,-0.265581,-0.0636529,0.961985,0,44.9358,41.1335,-90.0746,1
-0.487797,-0.851955,-0.190333,0,0.831507,-0.519844,0.195854,0,-0.265802,-0.062726,0.961985,0,44.9171,41.233,-90.0726,1
-0.487943,-0.851975,-0.189871,0,0.831364,-0.519893,0.19633,0,-0.265981,-0.0620539,0.961979,0,44.909,41.298,-90.0774,1
-0.488131,-0.851985,-0.18934,0,0.831182,-0.51997,0.196898,0,-0.266205,-0.0612638,0.961968,0,44.8767,41.3769,-90.0659,1
-0.488237,-0.85202,-0.18891,0,0.831072,-0.519984,0.197323,0,-0.266353,-0.0606578,0.961965,0,44.855,41.4307,-90.0724,1
-0.488404,-0.852028,-0.188442,0,0.830907,-0.520052,0.197837,0,-0.266562,-0.0599542,0.961951,0,44.8399,41.5035,-90.0846,1
-0.488562,-0.852042,-0.187968,0,0.830753,-0.520109,0.198334,0,-0.266753,-0.0592562,0.961942,0,44.8165,41.5919,-90.0872,1
-0.488704,-0.85207,-0.187473,0,0.830624,-0.520141,0.19879,0,-0.266895,-0.05857,0.961944,0,44.8062,41.6435,-90.0691,1
-0.488966,-0.852074,-0.186769,0,0.830367,-0.520253,0.199567,0,-0.267213,-0.057505,0.96192,0,44.7772,41.7504,-90.0761,1
-0.489082,-0.852123,-0.18624,0,0.830242,-0.520254,0.200086,0,-0.26739,-0.0567662,0.961915,0,44.7523,41.8265,-90.078,1
-0.489274,-0.852119,-0.185754,0,0.830092,-0.520334,0.200502,0,-0.267506,-0.0560925,0.961922,0,44.7609,41.8977,-90.075,1
-0.489406,-0.852156,-0.185235,0,0.829942,-0.520354,0.201066,0,-0.267728,-0.0553313,0.961905,0,44.7271,41.9619,-90.0766,1
-0.489568,-0.852194,-0.184634,0,0.829747,-0.52039,0.201781,0,-0.268038,-0.0544136,0.961871,0,44.7032,42.0611,-90.1202,1
-0.489791,-0.852179,-0.184109,0,0.829557,-0.520494,0.202291,0,-0.268216,-0.0536483,0.961864,0,44.6893,42.1303,-90.1083,1
-0.489972,-0.852186,-0.183593,0,0.829376,-0.520561,0.202861,0,-0.268447,-0.0528713,0.961843,0,44.6664,42.2304,-90.0927,1
-0.490057,-0.85222,-0.183205,0,0.829291,-0.520558,0.203215,0,-0.268553,-0.0523432,0.961842,0,44.6535,42.2703,-90.1023,1
-0.49034,-0.852226,-0.18242,0,0.829029,-0.520663,0.204014,0,-0.268845,-0.0511956,0.961822,0,44.6209,42.3884,-90.1131,1
-0.490423,-0.852283,-0.181933,0,0.828882,-0.520645,0.204655,0,-0.269146,-0.0504333,0.961778,0,44.5764,42.4574,-90.1436,1
-0.490671,-0.852266,-0.181344,0,0.828689,-0.520752,0.205165,0,-0.26929,-0.0496089,0.961781,0,44.5748,42.549,-90.1137,1
-0.490873,-0.852276,-0.180748,0,0.828503,-0.520816,0.205751,0,-0.269493,-0.0487521,0.961768,0,44.5656,42.6371,-90.1101,1
-0.491064,-0.852316,-0.180038,0,0.828318,-0.520842,0.206428,0,-0.269713,-0.0477592,0.961756,0,44.5304,42.7137,-90.1147,1
-0.491288,-0.852311,-0.179447,0,0.828082,-0.520934,0.207144,0,-0.270031,-0.0468295,0.961712,0,44.5079,42.8118,-90.1427,1
-0.491449,-0.852346,-0.178842,0,0.82791,-0.520956,0.207775,0,-0.270265,-0.0459541,0.961689,0,44.4756,42.9056,-90.1489,1
-0.491774,-0.852361,-0.177874,0,0.827618,-0.52105,0.208698,0,-0.270567,-0.0445791,0.961669,0,44.4638,43.0501,-90.1496,1
-0.491954,-0.852366,-0.177349,0,0.827404,-0.521114,0.209389,0,-0.270896,-0.0437292,0.961615,0,44.4108,43.1375,-90.1696,1
-0.492145,-0.852381,-0.176746,0,0.827254,-0.521156,0.209875,0,-0.271006,-0.0429251,0.96162,0,44.4151,43.2218,-90.1395,1
-0.492314,-0.852387,-0.176246,0,0.827073,-0.521209,0.210458,0,-0.271252,-0.0421567,0.961585,0,44.3847,43.2863,-90.1517,1
-0.492538,-0.852394,-0.175591,0,0.82687,-0.521274,0.21109,0,-0.271463,-0.041221,0.961566,0,44.3693,43.3836,-90.1523,1
-0.4927,-0.852404,-0.175086,0,0.826712,-0.521315,0.211608,0,-0.27165,-0.0404861,0.961544,0,44.3609,43.461,-90.1632,1
-0.492779,-0.852462,-0.174579,0,0.826596,-0.521276,0.212158,0,-0.27186,-0.0397597,0.961515,0,44.3227,43.5045,-90.1634,1
-0.493093,-0.85245,-0.173748,0,0.826332,-0.521383,0.212923,0,-0.272095,-0.0385824,0.961497,0,44.3218,43.6493,-90.1711,1
-0.493237,-0.852473,-0.173228,0,0.826165,-0.521404,0.213517,0,-0.272339,-0.0378001,0.961459,0,44.2738,43.7234,-90.1643,1
-0.493388,-0.852472,-0.1728,0,0.825984,-0.521455,0.214093,0,-0.272615,-0.0370995,0.961408,0,44.2444,43.7977,-90.1993,1
-0.493578,-0.852463,-0.172304,0,0.825844,-0.521517,0.214481,0,-0.272696,-0.0364332,0.96141,0,44.2522,43.8517,-90.1893,1
-0.493713,-0.852481,-0.171829,0,0.825724,-0.521533,0.214901,0,-0.272814,-0.0357842,0.961401,0,44.2442,43.9308,-90.1686,1
-0.493888,-0.852458,-0.171436,0,0.825547,-0.521613,0.215388,0,-0.273033,-0.0351505,0.961362,0,44.2158,44.0019,-90.191,1
-0.494,-0.85247,-0.171053,0,0.825424,-0.521631,0.215814,0,-0.273201,-0.0345792,0.961335,0,44.2048,44.0527,-90.1921,1
-0.494071,-0.852529,-0.170554,0,0.825331,-0.52158,0.216294,0,-0.273355,-0.0338984,0.961316,0,44.1592,44.0961,-90.1985,1
-0.494338,-0.852508,-0.169884,0,0.825083,-0.521679,0.217002,0,-0.273621,-0.0328961,0.961275,0,44.1607,44.2082,-90.2037,1
-0.494469,-0.852513,-0.169473,0,0.824946,-0.521708,0.217452,0,-0.273797,-0.0322828,0.961246,0,44.1388,44.277,-90.2242,1
-0.494602,-0.852545,-0.168927,0,0.824788,-0.521706,0.218055,0,-0.274032,-0.0314789,0.961205,0,44.1072,44.3522,-90.243,1
-0.494763,-0.85253,-0.168533,0,0.82464,-0.521766,0.21847,0,-0.274187,-0.0308881,0.96118,0,44.0997,44.4054,-90.2337,1
-0.494926,-0.852509,-0.168158,0,0.824494,-0.521833,0.218861,0,-0.274332,-0.0303254,0.961157,0,44.0878,44.4684,-90.2447,1
-0.495115,-0.8525,-0.167647,0,0.824329,-0.52189,0.219346,0,-0.274485,-0.0295948,0.961136,0,44.0854,44.5483,-90.2269,1
-0.495222,-0.852503,-0.167314,0,0.824205,-0.521913,0.219755,0,-0.274665,-0.0290736,0.9611,0,44.0517,44.5855,-90.2511,1
-0.495429,-0.852526,-0.166582,0,0.824008,-0.521932,0.220452,0,-0.274885,-0.0280461,0.961068,0,44.0443,44.7076,-90.2655,1
-0.495556,-0.852546,-0.166101,0,0.823876,-0.521935,0.220934,0,-0.27505,-0.0273614,0.961041,0,44.0181,44.7637,-90.2647,1
-0.495706,-0.852531,-0.16573,0,0.82373,-0.52199,0.221349,0,-0.275216,-0.0267924,0.961009,0,44.0197,44.8249,-90.2815,1
-0.495748,-0.85257,-0.165407,0,0.823653,-0.521951,0.221727,0,-0.275372,-0.0263166,0.960978,0,43.9791,44.8488,-90.2775,1
-0.495897,-0.852559,-0.165013,0,0.823515,-0.521997,0.222131,0,-0.275516,-0.0257363,0.960952,0,43.9621,44.9237,-90.2723,1
-0.496065,-0.852553,-0.164538,0,0.823372,-0.522039,0.222562,0,-0.275641,-0.0250706,0.960934,0,43.9612,44.9925,-90.2746,1
-0.496154,-0.852569,-0.164186,0,0.823261,-0.522038,0.222974,0,-0.275812,-0.024539,0.960898,0,43.9435,45.061,-90.2863,1
-0.496357,-0.852546,-0.163695,0,0.823066,-0.522111,0.223523,0,-0.27603,-0.023785,0.960855,0,43.9179,45.1259,-90.299,1
-0.496501,-0.85253,-0.16334,0,0.82298,-0.522158,0.223729,0,-0.276025,-0.0233436,0.960867,0,43.9238,45.1785,-90.2586,1
-0.49656,-0.852553,-0.163041,0,0.822868,-0.522143,0.224179,0,-0.276255,-0.0228422,0.960813,0,43.8928,45.2285,-90.2989,1
-0.496664,-0.852551,-0.162732,0,0.822779,-0.522163,0.224457,0,-0.276334,-0.0224126,0.960801,0,43.8913,45.2637,-90.2951,1
-0.496793,-0.852533,-0.162434,0,0.822668,-0.522212,0.224749,0,-0.276431,-0.0219756,0.960783,0,43.9019,45.3174,-90.3015,1
-0.496918,-0.852527,-0.162083,0,0.822539,-0.522243,0.225147,0,-0.27659,-0.0214405,0.960749,0,43.8763,45.3657,-90.3022,1
-0.497005,-0.85255,-0.161695,0,0.822447,-0.522229,0.225519,0,-0.276708,-0.0209016,0.960727,0,43.8413,45.4054,-90.2928,1
-0.497079,-0.852538,-0.161532,0,0.822383,-0.522258,0.225684,0,-0.276765,-0.0206584,0.960716,0,43.8659,45.4387,-90.3061,1
-0.497235,-0.852536,-0.161057,0,0.82224,-0.522286,0.226141,0,-0.276911,-0.019982,0.960688,0,43.8503,45.519,-90.2897,1
-0.497281,-0.852547,-0.160857,0,0.822186,-0.522279,0.226351,0,-0.276987,-0.0196946,0.960672,0,43.8433,45.5253,-90.3099,1
-0.4974,-0.852535,-0.160555,0,0.822071,-0.522317,0.226682,0,-0.277114,-0.0192359,0.960644,0,43.8207,45.5772,-90.294,1
-0.497451,-0.85256,-0.160263,0,0.821985,-0.522292,0.227051,0,-0.277279,-0.0187867,0.960606,0,43.7864,45.6193,-90.3323,1
-0.497589,-0.852527,-0.160009,0,0.82188,-0.522358,0.227277,0,-0.277342,-0.0184178,0.960595,0,43.7986,45.6577,-90.3236,1
-0.497699,-0.852498,-0.159823,0,0.821767,-0.522418,0.22755,0,-0.27748,-0.018086,0.960561,0,43.7851,45.6968,-90.3423,1
-0.497776,-0.852499,-0.159573,0,0.821723,-0.522426,0.227691,0,-0.277472,-0.0177857,0.960569,0,43.7922,45.7204,-90.3332,1
-0.497853,-0.852518,-0.159232,0,0.82161,-0.522413,0.228128,0,-0.277669,-0.0172524,0.960522,0,43.7627,45.7676,-90.3552,1
-0.497972,-0.85249,-0.159011,0,0.821524,-0.522469,0.228308,0,-0.277709,-0.0169406,0.960516,0,43.7678,45.7913,-90.3255,1
-0.498009,-0.852506,-0.158808,0,0.821494,-0.522451,0.228456,0,-0.277729,-0.0166868,0.960515,0,43.7634,45.815,-90.338,1
-0.498074,-0.852496,-0.158661,0,0.821412,-0.522476,0.228694,0,-0.277858,-0.0164195,0.960482,0,43.7507,45.8516,-90.3523,1
-0.498102,-0.852512,-0.158489,0,0.821387,-0.522457,0.228827,0,-0.277881,-0.0162013,0.960479,0,43.7389,45.867,-90.329,1
-0.498243,-0.852462,-0.158313,0,0.821276,-0.522548,0.229018,0,-0.277955,-0.0159117,0.960462,0,43.7431,45.9079,-90.344,1
-0.498265,-0.852481,-0.158143,0,0.821217,-0.522525,0.229282,0,-0.278092,-0.0156265,0.960427,0,43.719,45.9241,-90.3601,1
-0.498338,-0.852477,-0.157933,0,0.821182,-0.522539,0.229376,0,-0.278064,-0.0153845,0.96044,0,43.734,45.9579,-90.3452,1
-0.498443,-0.852479,-0.157587,0,0.821078,-0.52255,0.229724,0,-0.278182,-0.0148869,0.960413,0,43.7175,45.9913,-90.3355,1
-0.498514,-0.852466,-0.157432,0,0.821011,-0.522577,0.229899,0,-0.278252,-0.0146456,0.960397,0,43.7085,46.0258,-90.3392,1
-0.498599,-0.852441,-0.1573,0,0.820938,-0.522624,0.230055,0,-0.278317,-0.0144279,0.960381,0,43.7146,46.0519,-90.3567,1
-0.498601,-0.852464,-0.157171,0,0.820932,-0.522591,0.230152,0,-0.278332,-0.0142721,0.960379,0,43.7118,46.0668,-90.3401,1
-0.498621,-0.852474,-0.157053,0,0.820916,-0.52258,0.230233,0,-0.27834,-0.0141281,0.960379,0,43.709,46.0655,-90.3385,1
-0.498655,-0.85247,-0.156965,0,0.820852,-0.52259,0.230437,0,-0.278469,-0.0139364,0.960344,0,43.6857,46.0984,-90.3539,1
-0.498714,-0.852467,-0.156798,0,0.820822,-0.522601,0.23052,0,-0.278453,-0.0137396,0.960352,0,43.7035,46.1205,-90.3407,1
-0.498821,-0.852446,-0.156567,0,0.820727,-0.522644,0.230763,0,-0.278542,-0.0133892,0.960331,0,43.6914,46.1586,-90.3456,1
-0.498822,-0.852459,-0.156494,0,0.820705,-0.522626,0.23088,0,-0.278604,-0.0132674,0.960315,0,43.6775,46.169,-90.3452,1
-0.49883,-0.85247,-0.156412,0,0.8207,-0.522611,0.230933,0,-0.278606,-0.0131705,0.960315,0,43.6865,46.1729,-90.3501,1
-0.498869,-0.852457,-0.156355,0,0.820659,-0.522634,0.231027,0,-0.278657,-0.0130619,0.960302,0,43.6768,46.1822,-90.3538,1
-0.498867,-0.852477,-0.15625,0,0.820629,-0.522605,0.231195,0,-0.278746,-0.012888,0.960279,0,43.6678,46.2161,-90.3686,1
-0.498935,-0.852444,-0.156215,0,0.820597,-0.52266,0.231185,0,-0.27872,-0.0128438,0.960287,0,43.6591,46.2167,-90.3639,1
-0.498941,-0.852465,-0.15608,0,0.820604,-0.522629,0.23123,0,-0.278688,-0.01271,0.960298,0,43.6762,46.2258,-90.3524,1
-0.498951,-0.852466,-0.156045,0,0.820571,-0.522631,0.231346,0,-0.278769,-0.0126158,0.960275,0,43.667,46.2167,-90.3643,1
-0.498998,-0.852442,-0.156024,0,0.820525,-0.522671,0.231418,0,-0.27882,-0.0125442,0.960262,0,43.6644,46.2305,-90.3728,1
-0.499009,-0.852453,-0.155931,0,0.82053,-0.522656,0.231433,0,-0.278784,-0.0124594,0.960273,0,43.6749,46.2463,-90.3708,1
-0.499009,-0.85246,-0.155889,0,0.820505,-0.522646,0.231546,0,-0.278859,-0.012364,0.960253,0,43.6554,46.26,-90.3772,1
-0.499029,-0.852448,-0.155892,0,0.820487,-0.522666,0.231563,0,-0.278875,-0.0123508,0.960248,0,43.6505,46.2595,-90.3708,1
-0.499021,-0.852459,-0.155858,0,0.820502,-0.522649,0.231549,0,-0.278845,-0.0123342,0.960257,0,43.6642,46.2611,-90.3606,1
-0.499044,-0.852449,-0.155839,0,0.820455,-0.522667,0.231674,0,-0.278942,-0.0122432,0.96023,0,43.6505,46.2749,-90.3924,1
-0.499084,-0.852433,-0.155803,0,0.820463,-0.522694,0.231587,0,-0.27885,-0.0122493,0.960257,0,43.6633,46.2645,-90.3698,1
-0.499081,-0.85244,-0.155771,0,0.820453,-0.522684,0.231645,0,-0.278882,-0.0121931,0.960248,0,43.6549,46.279,-90.368,1
-0.499061,-0.852452,-0.155772,0,0.820476,-0.522664,0.231609,0,-0.278852,-0.0122204,0.960257,0,43.6484,46.2811,-90.3605,1
-0.499054,-0.852453,-0.155786,0,0.820468,-0.522662,0.231641,0,-0.278887,-0.0122163,0.960246,0,43.6616,46.2714,-90.3861,1
-0.499085,-0.852436,-0.155779,0,0.820488,-0.522688,0.231511,0,-0.278772,-0.0122716,0.960279,0,43.6661,46.2585,-90.3453,1
-0.499021,-0.852471,-0.155793,0,0.820476,-0.522632,0.23168,0,-0.278923,-0.0122108,0.960236,0,43.6323,46.257,-90.3812,1
-0.498986,-0.852496,-0.155768,0,0.820548,-0.52259,0.23152,0,-0.278772,-0.01229,0.960279,0,43.6526,46.2168,-90.3696,1
-0.499039,-0.852476,-0.155709,0,0.82054,-0.522623,0.231471,0,-0.2787,-0.0122525,0.9603,0,43.6899,46.247,-90.3794,1
-0.498997,-0.852505,-0.155684,0,0.820643,-0.522573,0.23122,0,-0.278473,-0.0123829,0.960365,0,43.722,46.202,-90.3787,1
-0.498993,-0.852515,-0.155644,0,0.820667,-0.522557,0.231172,0,-0.278411,-0.0123786,0.960382,0,43.7313,46.1982,-90.3959,1
-0.498851,-0.852611,-0.155572,0,0.820819,-0.522398,0.230991,0,-0.278215,-0.0124663,0.960438,0,43.7131,46.1392,-90.3838,1
-0.498929,-0.85257,-0.155549,0,0.820813,-0.522465,0.230863,0,-0.278096,-0.0124924,0.960472,0,43.7653,46.1317,-90.4084,1
-0.498868,-0.852614,-0.155498,0,0.820903,-0.52239,0.230711,0,-0.277938,-0.0125546,0.960517,0,43.7897,46.1215,-90.42,1
-0.498824,-0.852651,-0.15544,0,0.820987,-0.522329,0.230548,0,-0.277768,-0.012611,0.960565,0,43.8194,46.0906,-90.4059,1
-0.498804,-0.852666,-0.15542,0,0.821025,-0.522304,0.23047,0,-0.27769,-0.0126445,0.960588,0,43.8209,46.0676,-90.4272,1
-0.498757,-0.852698,-0.155399,0,0.821098,-0.52225,0.230333,0,-0.277561,-0.0127177,0.960624,0,43.8338,46.0307,-90.4285,1
-0.498725,-0.852719,-0.155384,0,0.821216,-0.522211,0.230001,0,-0.277269,-0.012897,0.960706,0,43.8824,45.9773,-90.4453,1
-0.498645,-0.852773,-0.155341,0,0.821319,-0.52212,0.22984,0,-0.277108,-0.0129764,0.960751,0,43.8937,45.9274,-90.468,1
-0.498664,-0.852776,-0.155263,0,0.821399,-0.522113,0.229567,0,-0.276835,-0.0130563,0.960829,0,43.9407,45.9111,-90.4616,1
-0.498539,-0.852854,-0.15524,0,0.821554,-0.521983,0.229311,0,-0.276601,-0.0132172,0.960894,0,43.9638,45.8384,-90.4742,1
-0.498557,-0.852846,-0.155226,0,0.821624,-0.521992,0.229038,0,-0.276361,-0.013349,0.960961,0,44.0044,45.8088,-90.4762,1
-0.498432,-0.852929,-0.155171,0,0.821779,-0.521854,0.228797,0,-0.276124,-0.0134769,0.961028,0,44.0335,45.7395,-90.4719,1
-0.498376,-0.852967,-0.155144,0,0.821866,-0.52179,0.228632,0,-0.275968,-0.0135625,0.961071,0,44.0406,45.7109,-90.4991,1
-0.498349,-0.853003,-0.155029,0,0.821989,-0.521728,0.228328,0,-0.275647,-0.0136454,0.961162,0,44.093,45.6584,-90.5196,1
-0.498282,-0.853058,-0.154943,0,0.822142,-0.521635,0.227993,0,-0.275315,-0.0137802,0.961256,0,44.1306,45.5958,-90.5272,1
-0.498249,-0.853094,-0.15485,0,0.82228,-0.521572,0.227635,0,-0.27496,-0.0139109,0.961355,0,44.199,45.5418,-90.5461,1
-0.498194,-0.853145,-0.15475,0,0.822473,-0.521484,0.227142,0,-0.274484,-0.014117,0.961488,0,44.2607,45.4634,-90.5579,1
-0.498068,-0.853232,-0.154673,0,0.822642,-0.521338,0.226864,0,-0.274205,-0.0142468,0.961566,0,44.29,45.39,-90.5681,1
-0.498017,-0.853275,-0.1546,0,0.822791,-0.521262,0.226496,0,-0.273851,-0.0144044,0.961664,0,44.3449,45.344,-90.5724,1
-0.497923,-0.853332,-0.154591,0,0.822888,-0.521167,0.226361,0,-0.273729,-0.0145001,0.961698,0,44.351,45.2866,-90.6097,1
-0.497882,-0.85337,-0.154511,0,0.82305,-0.521099,0.225932,0,-0.273319,-0.0146827,0.961812,0,44.4105,45.1884,-90.6342,1
-0.497751,-0.85347,-0.154377,0,0.823284,-0.520929,0.225468,0,-0.27285,-0.014869,0.961942,0,44.465,45.1241,-90.6318,1
-0.497629,-0.853551,-0.154326,0,0.823467,-0.520792,0.225117,0,-0.272521,-0.0150574,0.962032,0,44.5068,45.0542,-90.6378,1
-0.497588,-0.853585,-0.15427,0,0.823567,-0.520733,0.224887,0,-0.272293,-0.0151503,0.962095,0,44.5346,45.003,-90.6479,1
-0.497558,-0.853618,-0.154183,0,0.823665,-0.520677,0.224659,0,-0.272052,-0.015214,0.962162,0,44.5647,44.9546,-90.6827,1
-0.497474,-0.853686,-0.154077,0,0.823882,-0.520559,0.224137,0,-0.271549,-0.0154387,0.962301,0,44.6499,44.8674,-90.7082,1
-0.497408,-0.853747,-0.153956,0,0.824095,-0.520454,0.223595,0,-0.27102,-0.0156562,0.962446,0,44.7271,44.7695,-90.722,1
-0.49732,-0.853822,-0.15382,0,0.824292,-0.520325,0.223171,0,-0.270585,-0.0158048,0.962566,0,44.7815,44.7032,-90.7294,1
-0.497232,-0.853892,-0.153718,0,0.824544,-0.520201,0.222527,0,-0.269978,-0.0160995,0.962732,0,44.869,44.5749,-90.7766,1
-0.497172,-0.85395,-0.153587,0,0.824713,-0.520102,0.222131,0,-0.269569,-0.0162284,0.962844,0,44.9308,44.5105,-90.7665,1
-0.496971,-0.854074,-0.153551,0,0.824951,-0.519892,0.221741,0,-0.269213,-0.0164734,0.96294,0,44.9718,44.4264,-90.824,1
-0.496898,-0.854144,-0.153397,0,0.825181,-0.519769,0.221171,0,-0.268643,-0.0166803,0.963096,0,45.0409,44.3288,-90.7968,1
-0.496855,-0.854198,-0.153233,0,0.825379,-0.519675,0.220653,0,-0.268113,-0.0168424,0.96324,0,45.1284,44.2519,-90.8316,1
-0.496803,-0.854238,-0.153185,0,0.825572,-0.519601,0.220102,0,-0.267614,-0.0171177,0.963374,0,45.211,44.1787,-90.8663,1
-0.496713,-0.854304,-0.153102,0,0.825734,-0.519487,0.219765,0,-0.26728,-0.0172618,0.963464,0,45.2446,44.1002,-90.8856,1
-0.496547,-0.85443,-0.15294,0,0.826036,-0.519272,0.219139,0,-0.266657,-0.0175211,0.963632,0,45.3394,43.9985,-90.9026,1
-0.49642,-0.854519,-0.152857,0,0.826237,-0.519119,0.218742,0,-0.26627,-0.017708,0.963736,0,45.3772,43.9027,-90.9299,1
-0.496383,-0.854556,-0.15277,0,0.826365,-0.519054,0.218412,0,-0.265941,-0.0178273,0.963825,0,45.4301,43.8406,-90.9565,1
-0.496351,-0.854582,-0.152727,0,0.826475,-0.519006,0.21811,0,-0.265659,-0.0179658,0.9639,0,45.4601,43.7844,-90.9654,1
-0.496249,-0.85465,-0.152681,0,0.82665,-0.518888,0.217727,0,-0.265305,-0.0181669,0.963994,0,45.5131,43.715,-90.9784,1
-0.496241,-0.854676,-0.152559,0,0.826795,-0.51884,0.217292,0,-0.264868,-0.0183056,0.964111,0,45.5744,43.644,-90.986,1
-0.496237,-0.854699,-0.152445,0,0.826916,-0.518798,0.216932,0,-0.2645,-0.0184095,0.96421,0,45.6449,43.5838,-90.9968,1
-0.496058,-0.854813,-0.152388,0,0.827158,-0.518601,0.21648,0,-0.264079,-0.0186621,0.964321,0,45.6889,43.4924,-91.035,1
-0.496029,-0.85484,-0.152326,0,0.827259,-0.518552,0.216209,0,-0.263813,-0.0187665,0.964391,0,45.7285,43.4494,-91.0612,1
-0.496009,-0.854868,-0.152239,0,0.827353,-0.518504,0.215963,0,-0.263556,-0.0188359,0.96446,0,45.7712,43.4088,-91.0598,1
-0.495888,-0.854945,-0.152198,0,0.82751,-0.518371,0.215682,0,-0.263291,-0.0189914,0.96453,0,45.7974,43.3682,-91.0647,1
-0.495867,-0.854972,-0.152116,0,0.827609,-0.518324,0.215416,0,-0.26302,-0.0190749,0.964602,0,45.8408,43.3266,-91.0584,1
-0.495733,-0.855056,-0.152075,0,0.827752,-0.51818,0.215212,0,-0.262821,-0.019193,0.964654,0,45.8476,43.2754,-91.0856,1
-0.495767,-0.855054,-0.15198,0,0.827847,-0.51818,0.214846,0,-0.262458,-0.0193027,0.964751,0,45.8966,43.2079,-91.0604,1
-0.495669,-0.855111,-0.151978,0,0.82794,-0.518082,0.214726,0,-0.262352,-0.0193954,0.964777,0,45.9085,43.1618,-91.0987,1
-0.495625,-0.855161,-0.151841,0,0.828132,-0.517993,0.2142,0,-0.261828,-0.0195817,0.964916,0,45.996,43.1059,-91.0969,1
-0.495549,-0.855212,-0.151803,0,0.828265,-0.517903,0.213904,0,-0.261552,-0.0197334,0.964988,0,46.0243,43.0414,-91.1132,1
-0.495534,-0.855228,-0.151762,0,0.82835,-0.517872,0.213644,0,-0.261308,-0.0198445,0.965052,0,46.0618,42.9953,-91.134,1
-0.495551,-0.855228,-0.151706,0,0.828391,-0.517872,0.21349,0,-0.261147,-0.0198764,0.965095,0,46.0983,42.964,-91.1643,1
-0.495433,-0.855306,-0.151654,0,0.828527,-0.517739,0.213284,0,-0.26094,-0.0199817,0.965148,0,46.1072,42.9184,-91.1478,1
-0.495458,-0.855305,-0.151573,0,0.828574,-0.517738,0.213102,0,-0.260742,-0.0200061,0.965201,0,46.1429,42.9137,-91.1354,1
-0.495355,-0.855369,-0.151551,0,0.828664,-0.517631,0.213012,0,-0.260651,-0.0200676,0.965225,0,46.1393,42.8813,-91.13,1
-0.495339,-0.855386,-0.151504,0,0.828735,-0.517599,0.212815,0,-0.260458,-0.020141,0.965275,0,46.1783,42.8436,-91.1521,1
-0.495269,-0.855426,-0.15151,0,0.828807,-0.51753,0.2127,0,-0.26036,-0.0202293,0.9653,0,46.1829,42.8204,-91.1796,1
-0.495273,-0.855426,-0.151497,0,0.82886,-0.517527,0.212504,0,-0.260185,-0.0203224,0.965345,0,46.2083,42.7794,-91.187,1
-0.495206,-0.855467,-0.151484,0,0.828913,-0.517457,0.212466,0,-0.260144,-0.020353,0.965356,0,46.2064,42.7621,-91.2141,1
-0.495175,-0.855493,-0.151441,0,0.828979,-0.517413,0.212316,0,-0.259992,-0.0204077,0.965395,0,46.2326,42.7419,-91.1981,1
-0.495163,-0.855502,-0.151428,0,0.829007,-0.517397,0.212247,0,-0.259926,-0.0204377,0.965412,0,46.2389,42.7167,-91.2067,1
-0.495147,-0.855515,-0.151406,0,0.829061,-0.517372,0.212096,0,-0.259785,-0.0205059,0.965449,0,46.2442,42.691,-91.1987,1
-0.495106,-0.855541,-0.151394,0,0.829075,-0.51733,0.212143,0,-0.259818,-0.0204839,0.965441,0,46.2542,42.6954,-91.2039,1
-0.49513,-0.855531,-0.151375,0,0.829096,-0.517346,0.212021,0,-0.259704,-0.0205266,0.96547,0,46.2659,42.6836,-91.21,1
-0.495107,-0.855552,-0.151329,0,0.829141,-0.51731,0.211932,0,-0.259603,-0.0205441,0.965497,0,46.2749,42.6749,-91.1984,1
-0.495138,-0.855533,-0.151337,0,0.829126,-0.517341,0.211917,0,-0.259595,-0.0205487,0.965499,0,46.2925,42.6666,-91.2129,1
-0.495112,-0.855551,-0.151319,0,0.829149,-0.517312,0.211899,0,-0.259569,-0.0205522,0.965506,0,46.2923,42.6709,-91.2131,1
-0.495133,-0.855533,-0.151352,0,0.829126,-0.51734,0.211919,0,-0.259604,-0.0205614,0.965496,0,46.2829,42.6612,-91.2203,1
-0.49511,-0.85555,-0.151331,0,0.829154,-0.517312,0.211878,0,-0.259557,-0.0205737,0.965509,0,46.2869,42.6577,-91.1979,1
-0.495145,-0.855531,-0.151322,0,0.829131,-0.517343,0.21189,0,-0.259564,-0.0205491,0.965507,0,46.3021,42.6588,-91.2159,1
-0.495105,-0.855552,-0.151335,0,0.829134,-0.51731,0.21196,0,-0.25963,-0.0205352,0.96549,0,46.2764,42.6624,-91.235,1
-0.495108,-0.85555,-0.151339,0,0.829157,-0.517312,0.211868,0,-0.259553,-0.0205856,0.96551,0,46.2852,42.657,-91.2113,1
-0.495119,-0.855549,-0.151303,0,0.829149,-0.517314,0.211891,0,-0.259554,-0.0205416,0.96551,0,46.2913,42.66,-91.214,1
-0.495127,-0.855538,-0.151337,0,0.829137,-0.517331,0.211899,0,-0.259579,-0.0205625,0.965503,0,46.279,42.6701,-91.2225,1
-0.495147,-0.85553,-0.151319,0,0.829141,-0.517345,0.21185,0,-0.259528,-0.0205684,0.965517,0,46.2956,42.6592,-91.2033,1
-0.495171,-0.855518,-0.151312,0,0.829134,-0.517366,0.211827,0,-0.259505,-0.0205677,0.965523,0,46.3139,42.6654,-91.2015,1
-0.495098,-0.855555,-0.151342,0,0.829166,-0.517303,0.211855,0,-0.259543,-0.0205989,0.965512,0,46.2792,42.64,-91.2116,1
-0.495109,-0.855549,-0.151335,0,0.829159,-0.517312,0.211858,0,-0.259542,-0.0205883,0.965512,0,46.2973,42.6543,-91.2249,1
-0.495119,-0.855544,-0.151333,0,0.829141,-0.517322,0.211906,0,-0.259582,-0.0205579,0.965502,0,46.2752,42.6602,-91.2184,1
