-0.763739,0.00611358,-0.645496,0,0.62105,-0.265778,-0.737332,0,-0.176067,-0.964015,0.199189,0,53.2956,129.738,-99.2018,1
-0.763828,0.00499691,-0.645401,0,0.621394,-0.264605,-0.737465,0,-0.174461,-0.964344,0.199007,0,53.3326,129.702,-99.2134,1
-0.763899,0.00360484,-0.645326,0,0.621835,-0.263295,-0.737562,0,-0.17257,-0.964709,0.198889,0,53.381,129.667,-99.2533,1
-0.764069,0.00252316,-0.64513,0,0.622071,-0.262111,-0.737784,0,-0.170957,-0.965035,0.198701,0,53.364,129.561,-99.2392,1
-0.764221,0.000527158,-0.644954,0,0.622655,-0.260076,-0.738012,0,-0.168126,-0.965588,0.198427,0,53.4363,129.523,-99.2698,1
-0.764302,-0.00054061,-0.644859,0,0.622953,-0.259053,-0.73812,0,-0.166654,-0.965863,0.198331,0,53.4481,129.471,-99.2902,1
-0.764412,-0.00165546,-0.644726,0,0.623242,-0.257905,-0.738278,0,-0.165056,-0.966169,0.198178,0,53.47,129.405,-99.3324,1
-0.764498,-0.0029205,-0.64462,0,0.623622,-0.256539,-0.738433,0,-0.163214,-0.966529,0.197945,0,53.5241,129.392,-99.361,1
-0.764588,-0.00388934,-0.644507,0,0.623875,-0.255529,-0.73857,0,-0.161818,-0.966794,0.197801,0,53.5362,129.333,-99.3748,1
-0.764674,-0.00518947,-0.644396,0,0.62424,-0.254233,-0.738708,0,-0.159993,-0.967129,0.197645,0,53.5712,129.303,-99.4024,1
-0.764835,-0.00633162,-0.644195,0,0.624481,-0.252953,-0.738944,0,-0.158272,-0.967458,0.197421,0,53.6184,129.258,-99.3819,1
-0.764911,-0.00787041,-0.644088,0,0.624921,-0.251478,-0.739076,0,-0.156157,-0.967831,0.197277,0,53.658,129.215,-99.3912,1
-0.764958,-0.00905766,-0.644017,0,0.625285,-0.250234,-0.73919,0,-0.154459,-0.968143,0.197082,0,53.7279,129.222,-99.4444,1
-0.765075,-0.0100297,-0.643864,0,0.625481,-0.249273,-0.739349,0,-0.153083,-0.968381,0.196986,0,53.7479,129.172,-99.435,1
-0.765147,-0.0111143,-0.643759,0,0.625782,-0.248072,-0.739498,0,-0.15148,-0.968678,0.196767,0,53.759,129.124,-99.4698,1
-0.765179,-0.0124237,-0.643697,0,0.626177,-0.246802,-0.739589,0,-0.149677,-0.968986,0.196627,0,53.7915,129.094,-99.4709,1
-0.765235,-0.0133378,-0.643613,0,0.626415,-0.245886,-0.739692,0,-0.148389,-0.969207,0.196515,0,53.806,129.052,-99.4678,1
-0.765302,-0.014383,-0.643511,0,0.626685,-0.244813,-0.739819,0,-0.1469,-0.969464,0.19637,0,53.8023,128.995,-99.4885,1
-0.765338,-0.015553,-0.64344,0,0.627031,-0.243582,-0.739933,0,-0.145222,-0.969756,0.196175,0,53.8499,128.976,-99.5138,1
-0.765403,-0.0166574,-0.643335,0,0.627306,-0.242503,-0.740054,0,-0.143684,-0.970008,0.196062,0,53.8585,128.92,-99.5264,1
-0.765481,-0.0173992,-0.643223,0,0.627459,-0.24171,-0.740183,0,-0.142595,-0.970193,0.195942,0,53.8519,128.872,-99.5495,1
-0.765513,-0.0186035,-0.643151,0,0.627797,-0.240531,-0.740281,0,-0.140926,-0.970464,0.195809,0,53.9101,128.883,-99.5559,1
-0.765593,-0.0194689,-0.64303,0,0.627992,-0.239541,-0.740436,0,-0.139617,-0.970691,0.195617,0,53.9223,128.826,-99.5648,1
-0.765659,-0.020345,-0.642925,0,0.628194,-0.238615,-0.740565,0,-0.138345,-0.970901,0.195478,0,53.921,128.763,-99.5767,1
-0.765779,-0.0213951,-0.642748,0,0.628387,-0.237487,-0.740763,0,-0.136796,-0.971155,0.195307,0,53.9653,128.747,-99.5937,1
-0.765847,-0.0222475,-0.642638,0,0.628575,-0.236568,-0.740898,0,-0.135544,-0.971361,0.195159,0,54.0032,128.728,-99.6434,1
-0.76592,-0.0236013,-0.642503,0,0.628907,-0.235126,-0.741075,0,-0.133579,-0.971679,0.19493,0,54.0295,128.673,-99.6483,1
-0.765846,-0.0248771,-0.642542,0,0.629343,-0.234027,-0.741053,0,-0.131937,-0.971912,0.194885,0,54.0763,128.693,-99.6719,1
-0.765915,-0.0256324,-0.642431,0,0.629496,-0.233177,-0.741191,0,-0.130802,-0.972097,0.194729,0,54.1071,128.666,-99.6668,1
-0.766002,-0.0264871,-0.642292,0,0.629648,-0.232275,-0.741345,0,-0.129552,-0.97229,0.1946,0,54.1335,128.635,-99.6833,1
-0.765978,-0.0274298,-0.642281,0,0.629947,-0.231319,-0.74139,0,-0.128236,-0.972492,0.194465,0,54.1536,128.617,-99.6909,1
-0.76603,-0.0283556,-0.64218,0,0.630154,-0.230355,-0.741514,0,-0.126903,-0.972694,0.194327,0,54.1865,128.618,-99.6754,1
-0.766075,-0.029117,-0.642091,0,0.630325,-0.229513,-0.74163,0,-0.125774,-0.97287,0.194177,0,54.1898,128.563,-99.7092,1
-0.766125,-0.0299078,-0.641995,0,0.630487,-0.228717,-0.741737,0,-0.124652,-0.973034,0.194083,0,54.2112,128.551,-99.7066,1
-0.766129,-0.0315426,-0.641912,0,0.630927,-0.227103,-0.741859,0,-0.12238,-0.97336,0.193891,0,54.2502,128.511,-99.7692,1
-0.766178,-0.0322671,-0.641818,0,0.631074,-0.226324,-0.741973,0,-0.121317,-0.973518,0.193767,0,54.2489,128.456,-99.7728,1
-0.766209,-0.0330441,-0.641741,0,0.631249,-0.225514,-0.74207,0,-0.120201,-0.97368,0.19365,0,54.2409,128.417,-99.7579,1
-0.766205,-0.0339412,-0.641699,0,0.631497,-0.224574,-0.742145,0,-0.11892,-0.973866,0.193503,0,54.2672,128.414,-99.8004,1
-0.766246,-0.0348384,-0.641602,0,0.631688,-0.223648,-0.742262,0,-0.117634,-0.974047,0.193376,0,54.2539,128.354,-99.7701,1
-0.766274,-0.0352752,-0.641545,0,0.631774,-0.223171,-0.742332,0,-0.116989,-0.974141,0.193296,0,54.2779,128.345,-99.7937,1
-0.766273,-0.0358678,-0.641514,0,0.631927,-0.222585,-0.742377,0,-0.116164,-0.974253,0.193227,0,54.2808,128.32,-99.7961,1
-0.766343,-0.0370926,-0.64136,0,0.632169,-0.221272,-0.742564,0,-0.114371,-0.974507,0.193019,0,54.3414,128.312,-99.8173,1
-0.76634,-0.0379292,-0.641314,0,0.632381,-0.220457,-0.742626,0,-0.113215,-0.974659,0.192931,0,54.351,128.289,-99.8209,1
-0.766385,-0.0385889,-0.641221,0,0.632501,-0.219729,-0.74274,0,-0.112233,-0.974798,0.192804,0,54.3827,128.262,-99.8638,1
-0.766421,-0.0392419,-0.641139,0,0.632625,-0.219045,-0.742836,0,-0.111288,-0.974926,0.192706,0,54.3623,128.217,-99.8717,1
-0.766447,-0.0400543,-0.641058,0,0.632798,-0.218201,-0.742937,0,-0.110122,-0.975082,0.192586,0,54.4182,128.219,-99.8763,1
-0.766378,-0.040877,-0.641088,0,0.633073,-0.21741,-0.742934,0,-0.10901,-0.975224,0.192496,0,54.4426,128.247,-99.9199,1
-0.766467,-0.0413627,-0.640951,0,0.633106,-0.216753,-0.743098,0,-0.108192,-0.97535,0.192321,0,54.4688,128.218,-99.9416,1
-0.766464,-0.0424414,-0.640883,0,0.633364,-0.215688,-0.743188,0,-0.106689,-0.97554,0.192198,0,54.4564,128.171,-99.9259,1
-0.766525,-0.0431849,-0.640761,0,0.63348,-0.214837,-0.743336,0,-0.105558,-0.975695,0.192034,0,54.5157,128.181,-99.9201,1
-0.766471,-0.0440571,-0.640767,0,0.633736,-0.214061,-0.743342,0,-0.104414,-0.975826,0.191992,0,54.5398,128.186,-99.9367,1
-0.766547,-0.0444822,-0.640646,0,0.633765,-0.213445,-0.743494,0,-0.10367,-0.975942,0.191807,0,54.5493,128.155,-99.9495,1
-0.766538,-0.045118,-0.640612,0,0.633917,-0.21285,-0.743535,0,-0.102808,-0.976043,0.191759,0,54.5448,128.124,-99.9496,1
-0.766536,-0.0457301,-0.640571,0,0.63406,-0.212211,-0.743595,0,-0.101931,-0.976153,0.191663,0,54.5463,128.1,-99.9731,1
-0.766528,-0.0465058,-0.640525,0,0.634237,-0.211502,-0.743647,0,-0.100888,-0.976271,0.191618,0,54.547,128.081,-99.9595,1
-0.766536,-0.0472501,-0.640461,0,0.634398,-0.210706,-0.743736,0,-0.0998072,-0.976407,0.191489,0,54.5706,128.07,-99.9714,1
-0.766523,-0.0480719,-0.640416,0,0.634594,-0.209889,-0.7438,0,-0.0986603,-0.976543,0.191391,0,54.5469,128.012,-99.9918,1
-0.766535,-0.0486396,-0.640358,0,0.634708,-0.209271,-0.743876,0,-0.0978268,-0.976647,0.191286,0,54.5505,127.977,-100.007,1
-0.766561,-0.0491733,-0.640287,0,0.634802,-0.208652,-0.74397,0,-0.0970132,-0.976753,0.191159,0,54.5385,127.94,-100.028,1
-0.766562,-0.0497875,-0.640238,0,0.634927,-0.208083,-0.744022,0,-0.0961794,-0.976843,0.19112,0,54.5767,127.949,-100.005,1
-0.7665,-0.0503131,-0.640271,0,0.635116,-0.207513,-0.744021,0,-0.0954308,-0.976938,0.191014,0,54.6069,127.978,-100.053,1
-0.766572,-0.0507587,-0.640149,0,0.635129,-0.207021,-0.744146,0,-0.0947526,-0.977019,0.190935,0,54.6192,127.944,-100.056,1
-0.766512,-0.0512993,-0.640178,0,0.635309,-0.206518,-0.744133,0,-0.0940352,-0.977097,0.19089,0,54.5849,127.916,-100.058,1
-0.766591,-0.0519418,-0.640032,0,0.635364,-0.20573,-0.744304,0,-0.0930131,-0.97723,0.190712,0,54.6402,127.907,-100.061,1
-0.766551,-0.0525688,-0.640028,0,0.635533,-0.205161,-0.744316,0,-0.0921812,-0.977316,0.190676,0,54.6134,127.868,-100.063,1
-0.766549,-0.053237,-0.639975,0,0.635672,-0.204476,-0.744386,0,-0.0912304,-0.977423,0.190582,0,54.6656,127.899,-100.053,1
-0.766555,-0.0537237,-0.639927,0,0.635766,-0.203962,-0.744447,0,-0.0905264,-0.977504,0.190504,0,54.6624,127.874,-100.075,1
-0.766574,-0.0541584,-0.639869,0,0.635839,-0.203445,-0.744526,0,-0.089856,-0.977588,0.190392,0,54.6701,127.852,-100.088,1
-0.76658,-0.0545549,-0.639827,0,0.635909,-0.203063,-0.744571,0,-0.0893052,-0.977645,0.190356,0,54.6446,127.823,-100.08,1
-0.766588,-0.0550122,-0.639778,0,0.635991,-0.202588,-0.74463,0,-0.0886479,-0.977718,0.190289,0,54.6729,127.814,-100.088,1
-0.766562,-0.0558606,-0.639736,0,0.636189,-0.20171,-0.744699,0,-0.0874417,-0.977851,0.190161,0,54.717,127.834,-100.101,1
-0.766516,-0.0565483,-0.639731,0,0.636376,-0.201013,-0.744727,0,-0.0864813,-0.977955,0.190066,0,54.747,127.855,-100.106,1
-0.766557,-0.0569301,-0.639648,0,0.636406,-0.200576,-0.74482,0,-0.0858956,-0.978023,0.189984,0,54.7312,127.805,-100.127,1
-0.766581,-0.057229,-0.639592,0,0.636437,-0.200247,-0.744882,0,-0.0854473,-0.978073,0.189928,0,54.7242,127.78,-100.108,1
-0.766621,-0.0576647,-0.639506,0,0.636483,-0.199693,-0.744991,0,-0.084745,-0.97816,0.189791,0,54.739,127.758,-100.128,1
-0.766574,-0.058156,-0.639517,0,0.636626,-0.199241,-0.74499,0,-0.0840927,-0.978224,0.189757,0,54.7502,127.763,-100.123,1
-0.766549,-0.0586694,-0.639501,0,0.636745,-0.198793,-0.745008,0,-0.0834188,-0.978284,0.189742,0,54.748,127.743,-100.143,1
-0.766621,-0.0591128,-0.639374,0,0.636758,-0.198175,-0.745162,0,-0.0826592,-0.978383,0.189565,0,54.7971,127.745,-100.163,1
-0.766565,-0.0598959,-0.639367,0,0.636961,-0.197438,-0.745184,0,-0.0816022,-0.978484,0.189501,0,54.8305,127.764,-100.157,1
-0.766576,-0.0601702,-0.639328,0,0.637001,-0.197118,-0.745234,0,-0.0811822,-0.978532,0.189434,0,54.8171,127.729,-100.168,1
-0.766647,-0.0604107,-0.63922,0,0.636974,-0.196721,-0.745362,0,-0.0807203,-0.978597,0.189296,0,54.8283,127.711,-100.161,1
-0.766663,-0.060816,-0.639164,0,0.637028,-0.196329,-0.74542,0,-0.0801525,-0.97865,0.189259,0,54.818,127.673,-100.139,1
-0.766629,-0.061225,-0.639164,0,0.637137,-0.195944,-0.745428,0,-0.0796017,-0.978702,0.189225,0,54.8196,127.656,-100.171,1
-0.766668,-0.0617659,-0.639066,0,0.637195,-0.195293,-0.745549,0,-0.0787553,-0.978798,0.189082,0,54.8343,127.633,-100.178,1
-0.76664,-0.0623075,-0.639047,0,0.637324,-0.194733,-0.745585,0,-0.0779884,-0.978875,0.189,0,54.8615,127.647,-100.176,1
-0.766568,-0.0631736,-0.639049,0,0.63755,-0.193947,-0.745597,0,-0.0768395,-0.978976,0.18895,0,54.8981,127.646,-100.173,1
-0.766615,-0.0634301,-0.638966,0,0.637545,-0.193603,-0.745691,0,-0.0764063,-0.979028,0.188858,0,54.9051,127.626,-100.231,1
-0.7666,-0.0637705,-0.63895,0,0.63762,-0.193249,-0.745718,0,-0.075922,-0.979075,0.188806,0,54.878,127.585,-100.201,1
-0.766585,-0.064093,-0.638937,0,0.63769,-0.192964,-0.745732,0,-0.0754952,-0.979111,0.188794,0,54.8794,127.581,-100.189,1
-0.766634,-0.0645951,-0.638827,0,0.637724,-0.192356,-0.74586,0,-0.0747034,-0.979197,0.188661,0,54.8942,127.53,-100.231,1
-0.76665,-0.0650168,-0.638765,0,0.637783,-0.191823,-0.745947,0,-0.0740311,-0.979274,0.188528,0,54.9007,127.528,-100.192,1
-0.766551,-0.0655087,-0.638834,0,0.637967,-0.191496,-0.745874,0,-0.0734731,-0.979305,0.188584,0,54.9048,127.523,-100.24,1
-0.766625,-0.0662755,-0.638666,0,0.638017,-0.190556,-0.746071,0,-0.0722557,-0.979437,0.18837,0,54.9569,127.506,-100.212,1
-0.766591,-0.0665965,-0.638673,0,0.638104,-0.190288,-0.746065,0,-0.0718469,-0.979467,0.188369,0,54.9187,127.46,-100.199,1
-0.76656,-0.066958,-0.638672,0,0.6382,-0.189888,-0.746086,0,-0.0713198,-0.97952,0.188293,0,54.9173,127.458,-100.221,1
-0.766593,-0.0674345,-0.638582,0,0.638241,-0.189342,-0.746189,0,-0.0705916,-0.979593,0.188188,0,54.9486,127.431,-100.237,1
-0.766593,-0.0679099,-0.638532,0,0.638315,-0.188866,-0.746246,0,-0.0699198,-0.979652,0.188131,0,54.9601,127.409,-100.216,1
-0.766579,-0.068269,-0.638511,0,0.638388,-0.188497,-0.746277,0,-0.0694102,-0.979698,0.18808,0,54.972,127.404,-100.21,1
-0.766595,-0.0687685,-0.638438,0,0.638453,-0.187889,-0.746375,0,-0.0686282,-0.97978,0.18794,0,55.0065,127.413,-100.237,1
-0.766585,-0.069261,-0.638397,0,0.638543,-0.187346,-0.746434,0,-0.0679024,-0.97985,0.187843,0,55.0417,127.423,-100.208,1
-0.766553,-0.0697563,-0.638381,0,0.63865,-0.186911,-0.746452,0,-0.0672509,-0.979897,0.187827,0,55.0449,127.404,-100.221,1
-0.766624,-0.0701263,-0.638256,0,0.638632,-0.186388,-0.746598,0,-0.0666073,-0.97997,0.187675,0,55.0614,127.36,-100.237,1
-0.766624,-0.0704678,-0.638218,0,0.638688,-0.185964,-0.746656,0,-0.0660701,-0.980027,0.187571,0,55.0586,127.34,-100.209,1
-0.766631,-0.0708652,-0.638166,0,0.638739,-0.185545,-0.746716,0,-0.0654923,-0.980077,0.187509,0,55.0446,127.298,-100.197,1
-0.766745,-0.0711662,-0.637995,0,0.638659,-0.185101,-0.746895,0,-0.0649401,-0.980139,0.187377,0,55.0768,127.271,-100.219,1
-0.766675,-0.0717947,-0.638008,0,0.638829,-0.184498,-0.7469,0,-0.0640876,-0.980208,0.187314,0,55.0966,127.271,-100.2,1
-0.76662,-0.0724363,-0.638002,0,0.638983,-0.183854,-0.746926,0,-0.0631945,-0.980281,0.187231,0,55.1251,127.281,-100.196,1
-0.766673,-0.0729684,-0.637878,0,0.639005,-0.183171,-0.747075,0,-0.0623279,-0.98037,0.187059,0,55.1695,127.261,-100.21,1
-0.766632,-0.0733964,-0.637878,0,0.639111,-0.18277,-0.747083,0,-0.0617522,-0.980412,0.187026,0,55.1449,127.219,-100.214,1
-0.766663,-0.0738175,-0.637793,0,0.639136,-0.182286,-0.747179,0,-0.061106,-0.980471,0.186932,0,55.1455,127.169,-100.236,1
-0.766698,-0.0743199,-0.637692,0,0.639168,-0.181696,-0.747296,0,-0.060327,-0.980543,0.186809,0,55.1892,127.162,-100.216,1
-0.766662,-0.0748601,-0.637672,0,0.639286,-0.181083,-0.747344,0,-0.0595252,-0.980615,0.186686,0,55.1845,127.139,-100.215,1
-0.766664,-0.0754442,-0.6376,0,0.639364,-0.180424,-0.747436,0,-0.0586486,-0.980691,0.186561,0,55.2501,127.165,-100.227,1
-0.766655,-0.0759457,-0.637552,0,0.63944,-0.179923,-0.747492,0,-0.0579414,-0.980745,0.186501,0,55.264,127.139,-100.238,1
-0.766652,-0.0764509,-0.637496,0,0.639512,-0.179357,-0.747567,0,-0.0571869,-0.980809,0.186395,0,55.2601,127.095,-100.232,1
-0.766672,-0.0771036,-0.637393,0,0.639575,-0.178611,-0.747691,0,-0.0561961,-0.980894,0.18625,0,55.2592,127.037,-100.236,1
-0.766665,-0.0775718,-0.637344,0,0.639642,-0.178128,-0.747749,0,-0.0555245,-0.980945,0.186182,0,55.2467,126.994,-100.221,1
-0.766753,-0.0780627,-0.637179,0,0.639607,-0.177484,-0.747932,0,-0.0547038,-0.981023,0.186016,0,55.2972,126.978,-100.217,1
-0.766651,-0.0788058,-0.637209,0,0.639818,-0.176705,-0.747936,0,-0.0536565,-0.981104,0.185892,0,55.3421,127.017,-100.228,1
-0.766648,-0.0792949,-0.637152,0,0.639876,-0.176278,-0.747987,0,-0.0530045,-0.981142,0.185882,0,55.3567,126.99,-100.23,1
-0.766725,-0.0796336,-0.637018,0,0.639837,-0.17572,-0.748152,0,-0.052359,-0.981214,0.185682,0,55.3582,126.927,-100.234,1
-0.766684,-0.0800821,-0.637011,0,0.639935,-0.175306,-0.748165,0,-0.0517571,-0.981252,0.185651,0,55.3357,126.898,-100.223,1
-0.766682,-0.0810811,-0.636886,0,0.640054,-0.174228,-0.748315,0,-0.0502893,-0.981362,0.185474,0,55.3638,126.864,-100.239,1
-0.766652,-0.0818774,-0.63682,0,0.640179,-0.173392,-0.748402,0,-0.0491425,-0.981444,0.185348,0,55.4107,126.871,-100.23,1
-0.766648,-0.0823853,-0.63676,0,0.640243,-0.17281,-0.748483,0,-0.0483744,-0.981504,0.185231,0,55.4399,126.845,-100.226,1
-0.766709,-0.0829435,-0.636615,0,0.640239,-0.172082,-0.748653,0,-0.0474542,-0.981585,0.185041,0,55.4374,126.782,-100.199,1
-0.766682,-0.0834774,-0.636576,0,0.640326,-0.171546,-0.748702,0,-0.0467028,-0.981633,0.184974,0,55.426,126.735,-100.213,1
-0.766714,-0.0840899,-0.636458,0,0.640358,-0.17079,-0.748848,0,-0.0457301,-0.981713,0.184795,0,55.4578,126.706,-100.231,1
-0.766637,-0.0849127,-0.636442,0,0.640533,-0.169935,-0.748893,0,-0.044563,-0.981791,0.184668,0,55.4976,126.705,-100.229,1
-0.766614,-0.085567,-0.636382,0,0.640625,-0.169263,-0.748966,0,-0.043629,-0.98185,0.184575,0,55.5311,126.7,-100.211,1
-0.766627,-0.0864505,-0.636247,0,0.640698,-0.168269,-0.749127,0,-0.0422983,-0.981943,0.184388,0,55.5361,126.626,-100.221,1
-0.766679,-0.0870306,-0.636105,0,0.640697,-0.167529,-0.749294,0,-0.0413546,-0.982019,0.184201,0,55.5863,126.607,-100.216,1
-0.766579,-0.0879549,-0.636098,0,0.640899,-0.166606,-0.749327,0,-0.0400706,-0.982093,0.184087,0,55.5994,126.61,-100.228,1
-0.766587,-0.0886911,-0.635986,0,0.64096,-0.165721,-0.749472,0,-0.0389245,-0.982177,0.183887,0,55.6226,126.565,-100.208,1
-0.766613,-0.0892524,-0.635877,0,0.64098,-0.165102,-0.749591,0,-0.038082,-0.98223,0.183779,0,55.632,126.518,-100.203,1
-0.766581,-0.0898867,-0.635826,0,0.641072,-0.164428,-0.74966,0,-0.037163,-0.982285,0.183671,0,55.6374,126.492,-100.194,1
-0.766623,-0.0905671,-0.635678,0,0.641084,-0.163549,-0.749842,0,-0.0360537,-0.982369,0.183442,0,55.6772,126.446,-100.21,1
-0.766553,-0.0918093,-0.635584,0,0.641265,-0.162257,-0.749968,0,-0.0342743,-0.982468,0.183253,0,55.7303,126.447,-100.203,1
-0.76655,-0.0924568,-0.635494,0,0.641321,-0.161505,-0.750082,0,-0.0332853,-0.982532,0.183096,0,55.7425,126.39,-100.212,1
-0.766593,-0.0929217,-0.635374,0,0.641309,-0.160906,-0.750222,0,-0.032524,-0.982586,0.182941,0,55.7687,126.354,-100.2,1
-0.766594,-0.0934769,-0.635292,0,0.64135,-0.160283,-0.75032,0,-0.0316891,-0.982635,0.182823,0,55.7785,126.344,-100.209,1
-0.766524,-0.0944835,-0.635228,0,0.641504,-0.159216,-0.750415,0,-0.0302364,-0.982712,0.182654,0,55.8382,126.355,-100.193,1
-0.766522,-0.0951683,-0.635127,0,0.641555,-0.158396,-0.750545,0,-0.0291738,-0.982779,0.18247,0,55.8352,126.293,-100.197,1
-0.76651,-0.0959444,-0.635025,0,0.641622,-0.157482,-0.75068,0,-0.0279819,-0.98285,0.182272,0,55.8387,126.242,-100.179,1
-0.766412,-0.0972992,-0.634938,0,0.64182,-0.156118,-0.750796,0,-0.0260735,-0.982935,0.182099,0,55.843,126.181,-100.191,1
-0.76639,-0.0982027,-0.634825,0,0.641901,-0.155041,-0.750949,0,-0.0246786,-0.983015,0.181858,0,55.8869,126.142,-100.208,1
-0.76636,-0.0989523,-0.634745,0,0.641978,-0.154275,-0.751042,0,-0.0236082,-0.983061,0.181756,0,55.8739,126.091,-100.183,1
-0.766395,-0.0997506,-0.634578,0,0.641981,-0.153309,-0.751237,0,-0.0223499,-0.983131,0.181533,0,55.9022,126.043,-100.179,1
-0.766289,-0.100771,-0.634545,0,0.642158,-0.152187,-0.751314,0,-0.0208585,-0.983201,0.18133,0,55.959,126.055,-100.177,1
-0.766263,-0.10172,-0.634425,0,0.642232,-0.151191,-0.751452,0,-0.019482,-0.983257,0.18118,0,55.9579,126.006,-100.177,1
-0.766294,-0.102429,-0.634272,0,0.642228,-0.150289,-0.751636,0,-0.0183348,-0.983322,0.180948,0,55.9935,125.97,-100.191,1
-0.766242,-0.103265,-0.6342,0,0.642324,-0.14937,-0.751737,0,-0.0171023,-0.983375,0.180783,0,55.9926,125.914,-100.212,1
-0.766232,-0.10468,-0.633981,0,0.642391,-0.147725,-0.752005,0,-0.0149345,-0.983473,0.180437,0,56.0673,125.868,-100.215,1
-0.766242,-0.105385,-0.633851,0,0.642404,-0.146836,-0.752168,0,-0.0138051,-0.983531,0.180211,0,56.0968,125.834,-100.217,1
-0.766136,-0.106369,-0.633815,0,0.642558,-0.145868,-0.752225,0,-0.0124397,-0.983569,0.180102,0,56.0975,125.795,-100.221,1
-0.766077,-0.107533,-0.633689,0,0.642659,-0.144593,-0.752385,0,-0.0107206,-0.983631,0.179877,0,56.1695,125.8,-100.214,1
-0.766004,-0.108361,-0.633637,0,0.642765,-0.143719,-0.752461,0,-0.00952783,-0.983668,0.17974,0,56.1674,125.766,-100.177,1
-0.7661,-0.108619,-0.633476,0,0.642658,-0.14321,-0.752649,0,-0.00896783,-0.983714,0.179518,0,56.1966,125.734,-100.192,1
-0.765928,-0.109703,-0.633497,0,0.642882,-0.142177,-0.752654,0,-0.00750034,-0.983744,0.179423,0,56.1877,125.695,-100.2,1
-0.765838,-0.111252,-0.633337,0,0.643013,-0.140451,-0.752866,0,-0.0051949,-0.983818,0.179099,0,56.2421,125.646,-100.203,1
-0.765851,-0.112075,-0.633176,0,0.643007,-0.13944,-0.75306,0,-0.00389117,-0.983868,0.178855,0,56.2663,125.601,-100.165,1
-0.765777,-0.113223,-0.633062,0,0.643103,-0.138201,-0.753206,0,-0.00220979,-0.983911,0.178646,0,56.2938,125.574,-100.167,1
-0.765751,-0.114013,-0.632951,0,0.643137,-0.137264,-0.753349,0,-0.000989621,-0.983951,0.178436,0,56.3228,125.55,-100.168,1
-0.765675,-0.114994,-0.632866,0,0.643228,-0.136183,-0.753467,0,0.000458965,-0.983987,0.178239,0,56.3107,125.468,-100.17,1
-0.765624,-0.11573,-0.632792,0,0.643286,-0.135349,-0.753567,0,0.00156234,-0.984016,0.178074,0,56.3111,125.433,-100.192,1
-0.765587,-0.116941,-0.632615,0,0.643324,-0.133961,-0.753783,0,0.00340277,-0.984063,0.17779,0,56.3642,125.416,-100.162,1
-0.76554,-0.1183,-0.632419,0,0.643364,-0.132379,-0.754028,0,0.00548234,-0.984114,0.177452,0,56.3986,125.318,-100.176,1
-0.765409,-0.119482,-0.632356,0,0.643504,-0.13111,-0.754131,0,0.00719712,-0.984142,0.17724,0,56.406,125.302,-100.154,1
-0.765269,-0.12069,-0.632296,0,0.643649,-0.129869,-0.754221,0,0.00891141,-0.984159,0.177066,0,56.4479,125.293,-100.165,1
-0.765264,-0.121615,-0.632124,0,0.643633,-0.128719,-0.754432,0,0.0103839,-0.984196,0.17678,0,56.4748,125.242,-100.155,1
-0.765183,-0.122722,-0.632009,0,0.643701,-0.127488,-0.754583,0,0.0120304,-0.984219,0.176548,0,56.5231,125.222,-100.159,1
-0.765097,-0.123736,-0.631915,0,0.643773,-0.126318,-0.754719,0,0.0135638,-0.984243,0.176304,0,56.5699,125.211,-100.177,1
-0.765038,-0.124817,-0.631774,0,0.643807,-0.125091,-0.754894,0,0.0151942,-0.984263,0.176058,0,56.5723,125.152,-100.188,1
-0.764948,-0.126118,-0.631623,0,0.643862,-0.123556,-0.7551,0,0.0171907,-0.984291,0.175716,0,56.6554,125.147,-100.195,1
-0.764881,-0.127633,-0.631401,0,0.643877,-0.121821,-0.755369,0,0.0194918,-0.984312,0.175359,0,56.7045,125.09,-100.17,1
-0.764808,-0.128867,-0.631239,0,0.643902,-0.12032,-0.755588,0,0.0214199,-0.984336,0.174999,0,56.7035,125.015,-100.182,1
-0.764651,-0.130091,-0.631177,0,0.644027,-0.119025,-0.755687,0,0.0231823,-0.984332,0.174795,0,56.7129,124.963,-100.186,1
-0.764613,-0.131123,-0.631011,0,0.644015,-0.11785,-0.755881,0,0.024749,-0.984337,0.174555,0,56.7222,124.888,-100.196,1
-0.764499,-0.132444,-0.630873,0,0.644071,-0.116388,-0.756059,0,0.0267088,-0.984334,0.174282,0,56.7495,124.867,-100.159,1
-0.764372,-0.133599,-0.630783,0,0.644149,-0.115106,-0.756189,0,0.0284186,-0.984328,0.174041,0,56.7618,124.811,-100.171,1
-0.764339,-0.13458,-0.630614,0,0.644117,-0.113877,-0.756403,0,0.029984,-0.984338,0.173726,0,56.7793,124.748,-100.147,1
-0.764181,-0.136458,-0.630402,0,0.644166,-0.111724,-0.756683,0,0.0328244,-0.984326,0.173279,0,56.8247,124.687,-100.175,1
-0.764073,-0.137337,-0.630343,0,0.644227,-0.110746,-0.756774,0,0.0341255,-0.984314,0.173094,0,56.8389,124.673,-100.153,1
-0.763914,-0.138692,-0.630238,0,0.644305,-0.109219,-0.756929,0,0.0361456,-0.984295,0.172794,0,56.9027,124.67,-100.163,1
-0.763823,-0.139658,-0.630136,0,0.644332,-0.108173,-0.757056,0,0.0375658,-0.984274,0.172611,0,56.9225,124.647,-100.16,1
-0.763741,-0.140723,-0.629998,0,0.644331,-0.106912,-0.757237,0,0.0392059,-0.98426,0.172325,0,56.9388,124.591,-100.155,1
-0.763604,-0.142067,-0.629862,0,0.644365,-0.105338,-0.757428,0,0.0412577,-0.984237,0.171979,0,56.9849,124.577,-100.126,1
-0.763472,-0.143346,-0.629733,0,0.644402,-0.104008,-0.757581,0,0.0430987,-0.984193,0.171779,0,56.9834,124.509,-100.148,1
-0.763283,-0.144745,-0.629641,0,0.64448,-0.102372,-0.757737,0,0.0452206,-0.984159,0.171424,0,57.0295,124.509,-100.157,1
-0.763167,-0.146627,-0.629347,0,0.644407,-0.100148,-0.758096,0,0.0481298,-0.984109,0.170917,0,57.0465,124.385,-100.126,1
-0.763024,-0.147962,-0.629207,0,0.644422,-0.0986146,-0.758285,0,0.050148,-0.984064,0.170595,0,57.0788,124.356,-100.182,1
-0.762938,-0.149211,-0.629016,0,0.644368,-0.0970913,-0.758527,0,0.0521084,-0.984027,0.170221,0,57.0953,124.295,-100.173,1
-0.762813,-0.150407,-0.628883,0,0.644369,-0.0957619,-0.758695,0,0.0538896,-0.983976,0.169966,0,57.135,124.263,-100.171,1
-0.762625,-0.151889,-0.628755,0,0.644402,-0.0940719,-0.758878,0,0.0561166,-0.983911,0.169619,0,57.1531,124.236,-100.185,1
-0.762559,-0.153,-0.628566,0,0.644324,-0.092683,-0.759116,0,0.0578874,-0.983871,0.169258,0,57.1889,124.184,-100.166,1
-0.762278,-0.154544,-0.628529,0,0.644454,-0.0910678,-0.759201,0,0.060091,-0.98378,0.169015,0,57.2329,124.196,-100.151,1
-0.762093,-0.156378,-0.628299,0,0.6444,-0.0888535,-0.759509,0,0.0629441,-0.983693,0.168485,0,57.2654,124.11,-100.164,1
-0.761828,-0.158027,-0.628209,0,0.644479,-0.0871178,-0.759643,0,0.0653158,-0.983585,0.168214,0,57.3129,124.114,-100.169,1
-0.761728,-0.159249,-0.628021,0,0.644398,-0.0856031,-0.759884,0,0.0672501,-0.98352,0.167826,0,57.3138,124.032,-100.122,1
-0.761494,-0.160742,-0.627925,0,0.644444,-0.0839997,-0.760024,0,0.069422,-0.983416,0.167554,0,57.3463,124.026,-100.149,1
-0.761342,-0.161969,-0.627793,0,0.644416,-0.0825313,-0.760208,0,0.0713171,-0.983339,0.16721,0,57.334,123.948,-100.111,1
-0.761183,-0.163331,-0.627634,0,0.644367,-0.0808891,-0.760427,0,0.0734326,-0.98325,0.166817,0,57.3594,123.914,-100.112,1
-0.760984,-0.164666,-0.627525,0,0.644372,-0.0793971,-0.76058,0,0.0754182,-0.983149,0.166526,0,57.3796,123.88,-100.15,1
-0.760871,-0.165553,-0.627429,0,0.644347,-0.0783731,-0.760707,0,0.0767633,-0.983082,0.166305,0,57.3752,123.823,-100.174,1
-0.760665,-0.167262,-0.627226,0,0.644269,-0.0763272,-0.760981,0,0.0794085,-0.982954,0.165821,0,57.4256,123.79,-100.149,1
-0.760503,-0.168466,-0.6271,0,0.644235,-0.0749583,-0.761145,0,0.0812207,-0.982854,0.165538,0,57.4124,123.717,-100.162,1
-0.760275,-0.169898,-0.62699,0,0.644232,-0.0733606,-0.761304,0,0.0833473,-0.982728,0.165228,0,57.4662,123.735,-100.136,1
-0.760137,-0.170991,-0.626861,0,0.644174,-0.0720485,-0.761478,0,0.0850417,-0.982635,0.164915,0,57.4818,123.693,-100.145,1
-0.759964,-0.172208,-0.626738,0,0.644127,-0.0705888,-0.761654,0,0.0869219,-0.982529,0.164569,0,57.5251,123.67,-100.149,1
-0.759815,-0.173476,-0.626568,0,0.644038,-0.0691097,-0.761866,0,0.0888637,-0.98241,0.164236,0,57.5551,123.648,-100.149,1
-0.759609,-0.174675,-0.626485,0,0.644035,-0.0677921,-0.761987,0,0.0906289,-0.98229,0.163992,0,57.5362,123.589,-100.149,1
-0.759273,-0.176689,-0.626327,0,0.643995,-0.0654685,-0.762223,0,0.093672,-0.982087,0.163495,0,57.5902,123.569,-100.154,1
-0.759138,-0.177766,-0.626186,0,0.643906,-0.0641397,-0.762411,0,0.0953677,-0.98198,0.163156,0,57.5943,123.508,-100.152,1
-0.758881,-0.179096,-0.626118,0,0.643917,-0.0626848,-0.762523,0,0.0973169,-0.981833,0.162893,0,57.6008,123.497,-100.146,1
-0.75873,-0.180182,-0.62599,0,0.643844,-0.061437,-0.762686,0,0.0989631,-0.981713,0.162623,0,57.6024,123.439,-100.133,1
-0.75855,-0.181367,-0.625865,0,0.643766,-0.0599642,-0.762869,0,0.10083,-0.981586,0.162244,0,57.6198,123.412,-100.119,1
-0.758284,-0.182708,-0.625798,0,0.643764,-0.0584534,-0.762988,0,0.102824,-0.981429,0.161945,0,57.6368,123.403,-100.124,1
-0.758226,-0.183647,-0.625594,0,0.643586,-0.0572348,-0.763231,0,0.104359,-0.981325,0.16159,0,57.6535,123.347,-100.124,1
-0.757814,-0.185463,-0.625557,0,0.64364,-0.0552911,-0.763329,0,0.106981,-0.981095,0.161272,0,57.6919,123.364,-100.138,1
-0.757687,-0.186453,-0.625417,0,0.64353,-0.0540825,-0.763508,0,0.108534,-0.980974,0.160966,0,57.6895,123.309,-100.144,1
-0.757465,-0.187555,-0.625356,0,0.643511,-0.0528246,-0.763612,0,0.110185,-0.980833,0.160706,0,57.7058,123.308,-100.124,1
-0.757259,-0.188734,-0.625251,0,0.643452,-0.0515232,-0.763751,0,0.111931,-0.980676,0.160458,0,57.7336,123.291,-100.125,1
-0.757171,-0.189399,-0.625156,0,0.643366,-0.050653,-0.763881,0,0.113012,-0.980593,0.160206,0,57.7325,123.247,-100.16,1
-0.757021,-0.19046,-0.625015,0,0.643251,-0.0493799,-0.764061,0,0.11466,-0.980452,0.159896,0,57.7458,123.2,-100.142,1
-0.756869,-0.191313,-0.624939,0,0.643191,-0.0483282,-0.764179,0,0.115995,-0.980339,0.159629,0,57.7954,123.229,-100.153,1
-0.756737,-0.192324,-0.624789,0,0.643064,-0.0471416,-0.76436,0,0.117551,-0.980199,0.15935,0,57.7838,123.162,-100.126,1
-0.75638,-0.19413,-0.624663,0,0.642983,-0.0450797,-0.764553,0,0.120263,-0.97994,0.158919,0,57.7823,123.118,-100.115,1
-0.756173,-0.195231,-0.62457,0,0.642908,-0.0437692,-0.764692,0,0.121955,-0.97978,0.158613,0,57.7711,123.069,-100.113,1
-0.755987,-0.196138,-0.624511,0,0.64287,-0.0427602,-0.764781,0,0.123298,-0.979644,0.158417,0,57.7706,123.032,-100.163,1
-0.755804,-0.197235,-0.624386,0,0.64275,-0.0413918,-0.764957,0,0.125032,-0.979482,0.158057,0,57.8077,123.024,-100.126,1
-0.755576,-0.198212,-0.624353,0,0.642738,-0.0403224,-0.765024,0,0.126461,-0.97933,0.157865,0,57.7856,122.999,-100.104,1
-0.755412,-0.199107,-0.624266,0,0.642654,-0.0392287,-0.765151,0,0.127858,-0.979192,0.157591,0,57.8279,123.007,-100.133,1
-0.755172,-0.200347,-0.624161,0,0.642567,-0.0378404,-0.765295,0,0.129706,-0.978994,0.157313,0,57.872,123.018,-100.122,1
-0.754971,-0.201576,-0.624009,0,0.642409,-0.036314,-0.765502,0,0.131646,-0.9788,0.15691,0,57.8729,122.945,-100.129,1
-0.754798,-0.202538,-0.623905,0,0.642301,-0.0351362,-0.765647,0,0.133151,-0.978644,0.156611,0,57.8857,122.928,-100.137,1
-0.754613,-0.203499,-0.623817,0,0.642216,-0.034028,-0.765768,0,0.134606,-0.978484,0.156368,0,57.9182,122.935,-100.091,1
-0.75445,-0.204337,-0.62374,0,0.642129,-0.0329825,-0.765887,0,0.135927,-0.978345,0.156094,0,57.9219,122.9,-100.106,1
-0.754297,-0.20523,-0.623632,0,0.642023,-0.0319752,-0.766018,0,0.137269,-0.978192,0.155881,0,57.914,122.866,-100.092,1
-0.753983,-0.20642,-0.623619,0,0.642023,-0.0307019,-0.766071,0,0.138986,-0.977982,0.155675,0,57.9272,122.875,-100.096,1
-0.753844,-0.207235,-0.623517,0,0.641912,-0.0297339,-0.766202,0,0.140244,-0.977839,0.155441,0,57.9014,122.818,-100.072,1
-0.753556,-0.208513,-0.623438,0,0.64182,-0.0282186,-0.766336,0,0.142198,-0.977613,0.155092,0,57.902,122.769,-100.112,1
-0.753357,-0.20952,-0.623342,0,0.641706,-0.027005,-0.766475,0,0.143759,-0.977432,0.154795,0,57.9226,122.777,-100.111,1
-0.753236,-0.210098,-0.623293,0,0.641648,-0.0263131,-0.766548,0,0.14465,-0.977326,0.154629,0,57.9101,122.743,-100.128,1
-0.753099,-0.210893,-0.62319,0,0.641532,-0.0253757,-0.766677,0,0.145873,-0.97718,0.154405,0,57.8955,122.709,-100.083,1
-0.752991,-0.211549,-0.623099,0,0.641416,-0.0245187,-0.766802,0,0.146938,-0.97706,0.154153,0,57.9434,122.724,-100.113,1
-0.752703,-0.212596,-0.62309,0,0.641397,-0.0233421,-0.766854,0,0.148486,-0.976862,0.153928,0,57.9446,122.727,-100.119,1
-0.752572,-0.213305,-0.623006,0,0.641296,-0.0224912,-0.766964,0,0.149585,-0.976727,0.153718,0,57.9503,122.712,-100.121,1
-0.752462,-0.214009,-0.622898,0,0.64116,-0.0215974,-0.767103,0,0.150714,-0.976593,0.153465,0,57.9641,122.679,-100.106,1
-0.752109,-0.215407,-0.622841,0,0.64108,-0.0200067,-0.767214,0,0.152802,-0.97632,0.15314,0,57.9521,122.655,-100.153,1
-0.751999,-0.216034,-0.622757,0,0.640971,-0.0192262,-0.767324,0,0.153795,-0.976197,0.15293,0,57.9941,122.671,-100.122,1
-0.751811,-0.216736,-0.622741,0,0.640946,-0.0184621,-0.767364,0,0.154818,-0.976056,0.152796,0,57.9607,122.641,-100.146,1
-0.751672,-0.217501,-0.622642,0,0.640816,-0.017514,-0.767495,0,0.156026,-0.975903,0.152543,0,58.001,122.652,-100.111,1
-0.751399,-0.218476,-0.62263,0,0.640784,-0.0164181,-0.767546,0,0.157468,-0.975704,0.152332,0,58.0235,122.668,-100.112,1
-0.75131,-0.219125,-0.62251,0,0.64063,-0.0155885,-0.767692,0,0.158517,-0.975572,0.15209,0,58.0156,122.623,-100.119,1
-0.751096,-0.219846,-0.622514,0,0.640625,-0.0148311,-0.767711,0,0.159545,-0.975422,0.151978,0,57.9876,122.583,-100.12,1
-0.75086,-0.220992,-0.622392,0,0.640445,-0.0133858,-0.767887,0,0.161365,-0.975184,0.151584,0,58.0149,122.582,-100.095,1
-0.750718,-0.221687,-0.622316,0,0.640338,-0.0125411,-0.767991,0,0.162449,-0.975038,0.151369,0,58.0033,122.557,-100.103,1
-0.750539,-0.222376,-0.622287,0,0.640293,-0.0117982,-0.76804,0,0.163452,-0.97489,0.151241,0,58.001,122.541,-100.124,1
-0.750403,-0.223056,-0.622207,0,0.640181,-0.0109731,-0.768146,0,0.164512,-0.974744,0.151031,0,57.9804,122.49,-100.096,1
-0.750256,-0.223825,-0.622108,0,0.640033,-0.00997957,-0.768283,0,0.165753,-0.974578,0.150743,0,58.0105,122.496,-100.102,1
-0.75003,-0.22457,-0.622112,0,0.640019,-0.00917992,-0.768304,0,0.166827,-0.974415,0.150614,0,57.9957,122.493,-100.097,1
-0.749928,-0.225196,-0.622009,0,0.639878,-0.00839879,-0.768431,0,0.167823,-0.974278,0.150396,0,57.9869,122.44,-100.094,1
-0.749711,-0.225954,-0.621995,0,0.639842,-0.00757689,-0.768469,0,0.168926,-0.974109,0.150255,0,57.979,122.437,-100.091,1
-0.749602,-0.226575,-0.621901,0,0.639698,-0.00673898,-0.768597,0,0.169954,-0.97397,0.149991,0,58.0324,122.462,-100.104,1
-0.749331,-0.227214,-0.621995,0,0.639791,-0.00614862,-0.768524,0,0.170795,-0.973826,0.149977,0,58.0084,122.477,-100.13,1
-0.749296,-0.22773,-0.621848,0,0.639597,-0.005437,-0.768691,0,0.171673,-0.973709,0.14973,0,58.0234,122.44,-100.09,1
-0.749137,-0.228278,-0.621839,0,0.639557,-0.00477329,-0.768729,0,0.172516,-0.973584,0.149573,0,58.0163,122.433,-100.107,1
-0.749034,-0.228802,-0.621769,0,0.639444,-0.00407842,-0.768826,0,0.173373,-0.973465,0.149361,0,58.0155,122.404,-100.098,1
-0.748813,-0.229553,-0.62176,0,0.63942,-0.00333748,-0.76885,0,0.174417,-0.973291,0.14928,0,58.0578,122.46,-100.102,1
-0.748641,-0.230268,-0.621702,0,0.63932,-0.0024829,-0.768937,0,0.175518,-0.973124,0.149074,0,58.0585,122.45,-100.098,1
-0.748524,-0.230896,-0.62161,0,0.639162,-0.00158647,-0.76907,0,0.176589,-0.972977,0.148768,0,58.0592,122.415,-100.108,1
-0.748421,-0.231426,-0.621537,0,0.639051,-0.000931613,-0.769164,0,0.177425,-0.972852,0.14859,0,58.0713,122.402,-100.114,1
-0.748329,-0.231903,-0.62147,0,0.638953,-0.000361569,-0.769246,0,0.178166,-0.972739,0.148446,0,58.0665,122.39,-100.101,1
-0.748178,-0.23249,-0.621433,0,0.638873,0.000366054,-0.769312,0,0.179084,-0.972599,0.148257,0,58.0666,122.383,-100.103,1
-0.748047,-0.233153,-0.621341,0,0.63874,0.00113916,-0.769422,0,0.180101,-0.972439,0.148072,0,58.0833,122.374,-100.103,1
-0.74795,-0.233509,-0.621325,0,0.638693,0.0016078,-0.76946,0,0.180675,-0.972354,0.147938,0,58.0776,122.378,-100.087,1
-0.747833,-0.233968,-0.621293,0,0.638638,0.00210842,-0.769504,0,0.18135,-0.972242,0.147844,0,58.0672,122.358,-100.108,1
-0.747649,-0.234687,-0.621243,0,0.638537,0.00297054,-0.769585,0,0.182457,-0.972066,0.147636,0,58.0575,122.321,-100.063,1
-0.747435,-0.235336,-0.621255,0,0.638515,0.00369393,-0.7696,0,0.18341,-0.971907,0.147505,0,58.0696,122.342,-100.077,1
-0.747279,-0.235993,-0.621194,0,0.638398,0.00452237,-0.769693,0,0.184452,-0.971744,0.147278,0,58.0782,122.352,-100.12,1
-0.747214,-0.236359,-0.621133,0,0.638308,0.00496876,-0.769765,0,0.185027,-0.971653,0.147157,0,58.0999,122.348,-100.086,1
-0.747069,-0.236782,-0.621146,0,0.638308,0.00537929,-0.769762,0,0.185607,-0.971548,0.147121,0,58.0585,122.313,-100.085,1
-0.746985,-0.237171,-0.621099,0,0.638221,0.00590136,-0.769831,0,0.186247,-0.97145,0.146959,0,58.0527,122.293,-100.077,1
-0.746895,-0.237454,-0.621098,0,0.63821,0.00618683,-0.769838,0,0.186644,-0.971379,0.146925,0,58.0393,122.278,-100.101,1
-0.746819,-0.237761,-0.621072,0,0.63816,0.00655424,-0.769876,0,0.187117,-0.971302,0.146835,0,58.0277,122.265,-100.106,1
-0.746656,-0.238432,-0.621012,0,0.638045,0.00736448,-0.769964,0,0.188157,-0.971132,0.146632,0,58.0224,122.239,-100.082,1
-0.746513,-0.238955,-0.620982,0,0.637969,0.0080196,-0.77002,0,0.18898,-0.970998,0.146459,0,58.0603,122.282,-100.104,1
-0.746444,-0.239283,-0.620939,0,0.637895,0.00843344,-0.770077,0,0.189503,-0.970913,0.146342,0,58.0569,122.265,-100.063,1
-0.746313,-0.239629,-0.620963,0,0.637905,0.00878548,-0.770065,0,0.189986,-0.970825,0.146304,0,58.0169,122.238,-100.076,1
-0.746305,-0.239902,-0.620867,0,0.637768,0.00919631,-0.770174,0,0.190476,-0.970754,0.146138,0,58.0358,122.226,-100.073,1
-0.746192,-0.240249,-0.620868,0,0.637743,0.00960283,-0.770189,0,0.191,-0.970664,0.146052,0,58.0514,122.236,-100.099,1
-0.746044,-0.240646,-0.620893,0,0.637751,0.0100046,-0.770178,0,0.191552,-0.970561,0.146009,0,58.044,122.23,-100.1,1
-0.745931,-0.241162,-0.620828,0,0.637636,0.0106527,-0.770264,0,0.192372,-0.970427,0.145827,0,58.0366,122.208,-100.098,1
-0.74585,-0.241519,-0.620788,0,0.637566,0.0110711,-0.770316,0,0.192918,-0.970333,0.145727,0,58.0534,122.228,-100.086,1
-0.745738,-0.241907,-0.620771,0,0.637516,0.0115386,-0.770351,0,0.193516,-0.970231,0.145615,0,58.0502,122.217,-100.095,1
-0.745635,-0.242204,-0.620779,0,0.637503,0.011876,-0.770357,0,0.193956,-0.970153,0.145551,0,58.0438,122.224,-100.094,1
-0.745591,-0.242447,-0.620737,0,0.637441,0.0121561,-0.770403,0,0.194328,-0.970089,0.145483,0,58.0457,122.203,-100.085,1
-0.745522,-0.242715,-0.620715,0,0.637395,0.0124779,-0.770436,0,0.194741,-0.970018,0.145403,0,58.0439,122.192,-100.135,1
-0.745464,-0.24296,-0.620688,0,0.63734,0.012805,-0.770476,0,0.195143,-0.969952,0.145302,0,58.0449,122.195,-100.112,1
-0.745351,-0.243335,-0.620677,0,0.637301,0.0132332,-0.770501,0,0.195703,-0.969852,0.145214,0,58.01,122.151,-100.101,1
-0.745288,-0.243552,-0.620668,0,0.63728,0.0134516,-0.770515,0,0.196009,-0.969795,0.145185,0,58.0244,122.156,-100.087,1
-0.745262,-0.243775,-0.620612,0,0.637192,0.0137712,-0.770582,0,0.196395,-0.969734,0.145069,0,58.0229,122.147,-100.072,1
-0.745267,-0.243953,-0.620536,0,0.63708,0.0140728,-0.770669,0,0.19674,-0.969685,0.14493,0,58.0486,122.141,-100.085,1
-0.745126,-0.24426,-0.620584,0,0.637122,0.0143441,-0.77063,0,0.197135,-0.969604,0.144935,0,58.017,122.147,-100.09,1
-0.745091,-0.24448,-0.62054,0,0.637052,0.0146317,-0.770682,0,0.197496,-0.969544,0.144844,0,58.0353,122.149,-100.061,1
-0.744927,-0.244757,-0.620628,0,0.637139,0.0148601,-0.770606,0,0.197833,-0.969471,0.144874,0,58.0182,122.164,-100.094,1
-0.74491,-0.245,-0.620551,0,0.637033,0.0151784,-0.770688,0,0.198237,-0.969404,0.144766,0,58.0398,122.163,-100.053,1
-0.744844,-0.245138,-0.620577,0,0.63704,0.0153736,-0.770677,0,0.198462,-0.969367,0.144712,0,58.0297,122.167,-100.091,1
-0.7449,-0.245311,-0.62044,0,0.636869,0.0156525,-0.770813,0,0.198801,-0.969318,0.144572,0,58.0562,122.148,-100.088,1
-0.744835,-0.245416,-0.620477,0,0.63689,0.0158128,-0.770793,0,0.198976,-0.969289,0.144525,0,58.0472,122.143,-100.119,1
-0.744758,-0.24562,-0.62049,0,0.636887,0.016042,-0.77079,0,0.199275,-0.969234,0.144485,0,58.045,122.148,-100.118,1
-0.744757,-0.24567,-0.62047,0,0.636865,0.0160935,-0.770808,0,0.19935,-0.96922,0.144473,0,58.0313,122.125,-100.099,1
-0.744718,-0.245828,-0.620455,0,0.63684,0.0162537,-0.770825,0,0.199575,-0.969177,0.144449,0,58.042,122.125,-100.108,1
-0.744682,-0.245954,-0.620448,0,0.636812,0.0164481,-0.770844,0,0.199797,-0.969142,0.144378,0,58.0579,122.139,-100.09,1
-0.744623,-0.246124,-0.620451,0,0.636812,0.0165938,-0.770841,0,0.200018,-0.969096,0.144379,0,58.0502,122.141,-100.074,1
-0.744579,-0.246243,-0.620457,0,0.636813,0.0167071,-0.770837,0,0.200179,-0.969064,0.144371,0,58.0238,122.125,-100.074,1
-0.744541,-0.246333,-0.620466,0,0.636817,0.0167998,-0.770832,0,0.200305,-0.96904,0.144361,0,58.0393,122.131,-100.093,1
-0.744512,-0.246423,-0.620466,0,0.636805,0.0169276,-0.770839,0,0.200456,-0.969015,0.144321,0,58.0493,122.154,-100.087,1
-0.744478,-0.246551,-0.620456,0,0.636778,0.0171016,-0.770858,0,0.200667,-0.968979,0.144267,0,58.0063,122.111,-100.084,1
-0.744492,-0.246612,-0.620415,0,0.636732,0.0171626,-0.770894,0,0.20076,-0.968963,0.144248,0,58.0501,122.138,-100.092,1
-0.744518,-0.246599,-0.620388,0,0.636699,0.0171797,-0.770921,0,0.200767,-0.968966,0.144219,0,58.0365,122.128,-100.097,1
-0.744458,-0.246715,-0.620414,0,0.636716,0.0173114,-0.770904,0,0.200934,-0.968933,0.1442,0,58.0325,122.127,-100.127,1
-0.744515,-0.246684,-0.620359,0,0.636656,0.0172994,-0.770954,0,0.200914,-0.968942,0.144173,0,58.046,122.14,-100.065,1
-0.74452,-0.246684,-0.620353,0,0.636643,0.017334,-0.770964,0,0.200938,-0.968941,0.144144,0,58.0305,122.109,-100.097,1
-0.744501,-0.2467,-0.620369,0,0.636659,0.01735,-0.770951,0,0.200957,-0.968937,0.144146,0,58.0362,122.11,-100.101,1
-0.744526,-0.246704,-0.620337,0,0.636624,0.0173672,-0.770979,0,0.200977,-0.968936,0.144127,0,58.0511,122.13,-100.082,1
-0.744487,-0.246735,-0.620371,0,0.636657,0.0173974,-0.770951,0,0.201014,-0.968927,0.144134,0,58.015,122.097,-100.095,1
-0.744503,-0.246756,-0.620345,0,0.63664,0.0173616,-0.770966,0,0.20101,-0.968922,0.144169,0,58.0377,122.092,-100.094,1
-0.744558,-0.246701,-0.6203,0,0.636572,0.0174253,-0.77102,0,0.20102,-0.968935,0.144069,0,58.0629,122.095,-100.09,1
-0.744554,-0.246718,-0.620298,0,0.636559,0.0174925,-0.77103,0,0.201078,-0.968929,0.144027,0,58.0481,122.061,-100.087,1
-0.744644,-0.246711,-0.620193,0,0.636435,0.017563,-0.771131,0,0.201139,-0.96893,0.143937,0,58.0763,122.034,-100.021,1
-0.744654,-0.246713,-0.62018,0,0.636418,0.0175802,-0.771144,0,0.201154,-0.968929,0.143921,0,58.0785,122.026,-100.036,1
-0.744645,-0.246783,-0.620163,0,0.636391,0.0176785,-0.771164,0,0.201273,-0.96891,0.143886,0,58.0602,121.971,-100.026,1
-0.744708,-0.24681,-0.620077,0,0.636277,0.0178128,-0.771255,0,0.201399,-0.9689,0.143775,0,58.0692,121.923,-100.014,1
-0.74472,-0.246833,-0.620052,0,0.636243,0.0178765,-0.771282,0,0.201462,-0.968893,0.143733,0,58.0659,121.883,-99.9987,1
-0.744803,-0.246835,-0.619953,0,0.636135,0.0179027,-0.771371,0,0.2015,-0.968892,0.143686,0,58.0818,121.834,-99.9924,1
-0.745023,-0.246809,-0.619699,0,0.635802,0.0182164,-0.771637,0,0.201736,-0.968893,0.14335,0,58.1246,121.746,-99.9486,1
-0.745074,-0.246769,-0.619653,0,0.635728,0.0183146,-0.771696,0,0.201779,-0.968902,0.143232,0,58.1373,121.691,-99.9372,1
-0.745142,-0.24677,-0.619571,0,0.635634,0.0183573,-0.771772,0,0.201823,-0.968901,0.143176,0,58.1548,121.651,-99.9133,1
-0.745322,-0.246713,-0.619377,0,0.635386,0.0185431,-0.771972,0,0.201941,-0.968911,0.142937,0,58.1615,121.546,-99.9187,1
-0.745399,-0.246737,-0.619274,0,0.635254,0.0186828,-0.772077,0,0.20207,-0.968903,0.142815,0,58.1543,121.473,-99.8791,1
-0.745539,-0.24668,-0.61913,0,0.635072,0.0187928,-0.772224,0,0.202127,-0.968915,0.142649,0,58.19,121.388,-99.8342,1
-0.745667,-0.246673,-0.618977,0,0.634884,0.0189377,-0.772376,0,0.202246,-0.968914,0.142487,0,58.1947,121.287,-99.8541,1
-0.745775,-0.246678,-0.618846,0,0.634711,0.0191181,-0.772514,0,0.202393,-0.968909,0.142312,0,58.2126,121.21,-99.8368,1
-0.74597,-0.246657,-0.618619,0,0.634437,0.0192868,-0.772734,0,0.202531,-0.968911,0.142101,0,58.2357,121.091,-99.7844,1
-0.746132,-0.246591,-0.61845,0,0.634212,0.019479,-0.772914,0,0.20264,-0.968924,0.141857,0,58.2759,121.011,-99.7811,1
-0.746277,-0.246536,-0.618296,0,0.634018,0.0196054,-0.77307,0,0.202712,-0.968936,0.141677,0,58.2741,120.896,-99.7598,1
-0.746345,-0.246579,-0.618198,0,0.633883,0.0197933,-0.773176,0,0.202885,-0.968921,0.141529,0,58.277,120.799,-99.7688,1
-0.746536,-0.246583,-0.617965,0,0.633591,0.0200391,-0.773409,0,0.203093,-0.968915,0.141273,0,58.3095,120.687,-99.7776,1
-0.746655,-0.246599,-0.617815,0,0.633409,0.0201751,-0.773554,0,0.203222,-0.968908,0.141134,0,58.298,120.563,-99.7195,1
-0.746844,-0.246584,-0.617592,0,0.63312,0.0204404,-0.773783,0,0.203426,-0.968906,0.140851,0,58.3304,120.441,-99.698,1
-0.747037,-0.246608,-0.617349,0,0.6328,0.0207837,-0.774037,0,0.203715,-0.968893,0.140528,0,58.3315,120.239,-99.68,1
-0.747255,-0.246571,-0.6171,0,0.632493,0.0209896,-0.774282,0,0.203868,-0.968898,0.14027,0,58.3822,120.132,-99.6601,1
-0.747415,-0.246613,-0.61689,0,0.632228,0.0212433,-0.774491,0,0.204104,-0.968881,0.140038,0,58.3828,119.975,-99.6265,1
-0.74759,-0.246593,-0.616686,0,0.631961,0.0214928,-0.774702,0,0.20429,-0.968881,0.139769,0,58.4176,119.841,-99.6073,1
-0.747811,-0.246547,-0.616436,0,0.631643,0.0217411,-0.774954,0,0.204464,-0.968887,0.139471,0,58.4256,119.683,-99.5649,1
-0.747988,-0.246566,-0.616213,0,0.631374,0.021934,-0.775168,0,0.204646,-0.968878,0.139269,0,58.4444,119.532,-99.5452,1
-0.748196,-0.246622,-0.615938,0,0.631017,0.0223176,-0.775448,0,0.204989,-0.968855,0.138925,0,58.4527,119.343,-99.5002,1
-0.748547,-0.246566,-0.615535,0,0.630499,0.0227495,-0.775857,0,0.205303,-0.968859,0.138431,0,58.5006,119.087,-99.477,1
-0.748889,-0.246477,-0.615154,0,0.630018,0.0230944,-0.776237,0,0.205531,-0.968874,0.13799,0,58.5519,118.884,-99.4253,1
-0.749062,-0.246469,-0.614947,0,0.629762,0.0232797,-0.776439,0,0.205684,-0.968871,0.137779,0,58.5889,118.744,-99.3799,1
-0.749384,-0.246423,-0.614573,0,0.629279,0.0236987,-0.776818,0,0.20599,-0.968873,0.137309,0,58.6468,118.534,-99.3495,1
-0.749677,-0.246308,-0.614261,0,0.628898,0.0238912,-0.777121,0,0.206086,-0.968897,0.136992,0,58.6852,118.361,-99.3115,1
-0.749859,-0.246361,-0.614018,0,0.628583,0.024224,-0.777365,0,0.206386,-0.968876,0.136694,0,58.7171,118.215,-99.2908,1
-0.750015,-0.246363,-0.613826,0,0.62834,0.024432,-0.777555,0,0.206558,-0.96887,0.136475,0,58.7257,118.077,-99.2605,1
-0.750281,-0.246322,-0.613518,0,0.627946,0.0247513,-0.777863,0,0.20679,-0.968872,0.136107,0,58.7521,117.892,-99.2283,1
-0.750643,-0.246279,-0.613092,0,0.627412,0.0251553,-0.778281,0,0.207097,-0.968873,0.135636,0,58.806,117.615,-99.1898,1
-0.750939,-0.246244,-0.612744,0,0.626975,0.0254902,-0.778623,0,0.20735,-0.968873,0.135247,0,58.8081,117.385,-99.151,1
-0.751197,-0.246296,-0.612407,0,0.626544,0.0259053,-0.778956,0,0.207718,-0.968849,0.134855,0,58.8586,117.177,-99.1014,1
-0.751486,-0.246213,-0.612085,0,0.626138,0.0261849,-0.779273,0,0.207894,-0.968862,0.134486,0,58.8924,116.969,-99.0703,1
-0.751822,-0.246202,-0.611677,0,0.625612,0.0266562,-0.779679,0,0.208264,-0.968852,0.133986,0,58.9467,116.748,-99.0302,1
-0.752209,-0.246109,-0.611238,0,0.625059,0.0270471,-0.780109,0,0.208524,-0.968865,0.133488,0,58.9993,116.506,-98.9875,1
-0.752496,-0.246201,-0.610848,0,0.624549,0.0275979,-0.780498,0,0.209017,-0.968826,0.132997,0,59.0399,116.273,-98.9005,1
-0.75299,-0.246214,-0.610233,0,0.623782,0.0282067,-0.78109,0,0.209528,-0.968805,0.132344,0,59.0864,115.902,-98.8845,1
-0.753308,-0.246217,-0.60984,0,0.623268,0.0286967,-0.781482,0,0.209914,-0.96879,0.131842,0,59.1016,115.628,-98.8422,1
-0.753613,-0.246275,-0.60944,0,0.62276,0.0291634,-0.781869,0,0.210328,-0.968761,0.131392,0,59.1545,115.392,-98.7749,1
-0.754009,-0.246174,-0.60899,0,0.622195,0.0295484,-0.782304,0,0.210578,-0.968775,0.130888,0,59.2009,115.143,-98.739,1
-0.754311,-0.246211,-0.608601,0,0.621717,0.0299167,-0.78267,0,0.210909,-0.968755,0.130507,0,59.2211,114.876,-98.6966,1
-0.754648,-0.246218,-0.60818,0,0.621164,0.0304579,-0.783089,0,0.211335,-0.968736,0.129957,0,59.2633,114.629,-98.6377,1
-0.754973,-0.246183,-0.607791,0,0.620672,0.0308339,-0.783464,0,0.211616,-0.968733,0.12952,0,59.3192,114.376,-98.6136,1
-0.755372,-0.246116,-0.607323,0,0.620085,0.031254,-0.783912,0,0.211914,-0.968737,0.129004,0,59.3675,114.076,-98.545,1
-0.755943,-0.246025,-0.606648,0,0.619232,0.0318958,-0.78456,0,0.212371,-0.968739,0.128235,0,59.4677,113.708,-98.4507,1
-0.756236,-0.246069,-0.606265,0,0.618742,0.0323444,-0.784928,0,0.212756,-0.968713,0.127793,0,59.54,113.536,-98.4009,1
-0.756614,-0.245996,-0.605822,0,0.618191,0.0327184,-0.785347,0,0.213014,-0.968719,0.127317,0,59.5937,113.278,-98.3753,1
-0.75677,-0.246025,-0.605616,0,0.617921,0.0329866,-0.785548,0,0.213241,-0.968702,0.127061,0,59.6041,113.108,-98.348,1
-0.75715,-0.245911,-0.605188,0,0.617374,0.0333843,-0.785961,0,0.21348,-0.968718,0.126542,0,59.6732,112.874,-98.3097,1
-0.757493,-0.245983,-0.604729,0,0.616798,0.0338793,-0.786392,0,0.213927,-0.968682,0.126059,0,59.699,112.581,-98.257,1
-0.757848,-0.246003,-0.604275,0,0.61622,0.0343784,-0.786824,0,0.214335,-0.96866,0.125538,0,59.7319,112.321,-98.158,1
-0.758249,-0.246015,-0.603768,0,0.615577,0.034909,-0.787303,0,0.214765,-0.968637,0.124972,0,59.7654,111.993,-98.1111,1
-0.758523,-0.24599,-0.603434,0,0.615151,0.0352511,-0.787621,0,0.215019,-0.968631,0.124582,0,59.7918,111.755,-98.0921,1
-0.75884,-0.245958,-0.603048,0,0.614674,0.0355741,-0.787979,0,0.215262,-0.968628,0.124189,0,59.8084,111.528,-98.0261,1
-0.759177,-0.245931,-0.602635,0,0.614155,0.0359643,-0.788366,0,0.215557,-0.96862,0.123737,0,59.8691,111.294,-98.0283,1
-0.759459,-0.245951,-0.602271,0,0.613698,0.0363343,-0.788705,0,0.215866,-0.968601,0.123345,0,59.9239,111.093,-97.9571,1
-0.759793,-0.245827,-0.6019,0,0.613226,0.0366492,-0.789057,0,0.216031,-0.968621,0.122902,0,59.9544,110.861,-97.9288,1
-0.760094,-0.245823,-0.601522,0,0.612751,0.0370122,-0.789409,0,0.216318,-0.968608,0.122495,0,59.9972,110.672,-97.9136,1
-0.760486,-0.245808,-0.601032,0,0.612135,0.0374858,-0.789865,0,0.216685,-0.968594,0.12196,0,60.0605,110.387,-97.864,1
-0.760732,-0.245762,-0.600739,0,0.611751,0.0378131,-0.790146,0,0.216903,-0.968593,0.121579,0,60.0942,110.218,-97.816,1
-0.760971,-0.245822,-0.600412,0,0.611359,0.0380831,-0.790437,0,0.217172,-0.968567,0.121305,0,60.1422,110.025,-97.7872,1
-0.761159,-0.245829,-0.600171,0,0.611034,0.0384146,-0.790672,0,0.217426,-0.968552,0.120971,0,60.1741,109.875,-97.7599,1
-0.761439,-0.245729,-0.599857,0,0.610647,0.0386316,-0.79096,0,0.217535,-0.968569,0.120638,0,60.2038,109.713,-97.7296,1
-0.761601,-0.245822,-0.599612,0,0.610328,0.038975,-0.79119,0,0.217862,-0.968531,0.120349,0,60.2297,109.546,-97.713,1
-0.761837,-0.245728,-0.599351,0,0.609995,0.0391943,-0.791436,0,0.217969,-0.968546,0.120033,0,60.2704,109.389,-97.6866,1
-0.762074,-0.245828,-0.59901,0,0.609577,0.0395293,-0.791741,0,0.21831,-0.968507,0.119727,0,60.2923,109.223,-97.635,1
-0.762295,-0.245827,-0.598728,0,0.609206,0.0398751,-0.792009,0,0.218571,-0.968494,0.119363,0,60.3198,109.024,-97.602,1
-0.762506,-0.245781,-0.598478,0,0.608887,0.0401108,-0.792242,0,0.218724,-0.968495,0.119068,0,60.3659,108.899,-97.5834,1
-0.762691,-0.245757,-0.598253,0,0.608611,0.0402864,-0.792445,0,0.21885,-0.968494,0.118844,0,60.3889,108.757,-97.576,1
-0.762891,-0.245804,-0.597977,0,0.608257,0.040614,-0.792701,0,0.219136,-0.968468,0.118528,0,60.4092,108.592,-97.5413,1
-0.763093,-0.245763,-0.597737,0,0.607966,0.0407755,-0.792916,0,0.219242,-0.968472,0.1183,0,60.4457,108.456,-97.5013,1
-0.76327,-0.245803,-0.597494,0,0.607646,0.0410908,-0.793144,0,0.219509,-0.968449,0.117998,0,60.4844,108.323,-97.479,1
-0.763447,-0.245759,-0.597287,0,0.607385,0.0412694,-0.793335,0,0.219619,-0.968452,0.117763,0,60.5104,108.202,-97.4466,1
-0.763668,-0.245811,-0.596982,0,0.606997,0.0416141,-0.793614,0,0.219922,-0.968424,0.117427,0,60.5382,108.028,-97.4344,1
-0.763793,-0.245802,-0.596827,0,0.606808,0.0417287,-0.793752,0,0.220011,-0.968422,0.117283,0,60.5264,107.883,-97.429,1
-0.763949,-0.245823,-0.596618,0,0.60653,0.0420089,-0.79395,0,0.220234,-0.968404,0.117006,0,60.5482,107.786,-97.3833,1
-0.764089,-0.245802,-0.596448,0,0.606333,0.042087,-0.794097,0,0.220293,-0.968406,0.116879,0,60.5536,107.669,-97.352,1
-0.764139,-0.245913,-0.596338,0,0.606193,0.0422579,-0.794194,0,0.220502,-0.968371,0.11678,0,60.5461,107.563,-97.3808,1
-0.764305,-0.245879,-0.596139,0,0.605933,0.0424751,-0.794381,0,0.220643,-0.96837,0.116523,0,60.5799,107.478,-97.3661,1
-0.764467,-0.245792,-0.595967,0,0.605725,0.0425564,-0.794535,0,0.220653,-0.968388,0.11635,0,60.611,107.389,-97.3208,1
-0.764657,-0.245807,-0.595717,0,0.605408,0.0428158,-0.794763,0,0.220864,-0.968373,0.116074,0,60.6448,107.274,-97.3048,1
-0.76471,-0.245845,-0.595633,0,0.605293,0.0429573,-0.794843,0,0.220995,-0.968357,0.115958,0,60.6689,107.206,-97.3075,1
-0.764877,-0.245746,-0.59546,0,0.605079,0.0430518,-0.795,0,0.221003,-0.968378,0.115766,0,60.685,107.099,-97.3034,1
-0.765003,-0.245767,-0.595289,0,0.604857,0.0432587,-0.795159,0,0.221175,-0.968363,0.115561,0,60.695,107.034,-97.2637,1
-0.765086,-0.245804,-0.595168,0,0.60471,0.0433722,-0.795264,0,0.221293,-0.968349,0.115456,0,60.6949,106.95,-97.2758,1
-0.765128,-0.245861,-0.59509,0,0.604608,0.0434937,-0.795335,0,0.221424,-0.968329,0.115371,0,60.7197,106.899,-97.2513,1
-0.765253,-0.245743,-0.594978,0,0.604473,0.0435128,-0.795437,0,0.221362,-0.968358,0.115247,0,60.7345,106.833,-97.2487,1
-0.765273,-0.245741,-0.594952,0,0.604437,0.0435535,-0.795462,0,0.221389,-0.968357,0.115204,0,60.7388,106.818,-97.2151,1
-0.765355,-0.245791,-0.594827,0,0.604281,0.0436888,-0.795572,0,0.221532,-0.968338,0.115089,0,60.7415,106.736,-97.2294,1
-0.765507,-0.245792,-0.59463,0,0.604039,0.0438535,-0.795747,0,0.221664,-0.96833,0.114898,0,60.7791,106.675,-97.242,1
-0.765505,-0.245772,-0.594641,0,0.60404,0.0438889,-0.795744,0,0.22167,-0.968334,0.114859,0,60.7774,106.66,-97.2484,1
-0.765601,-0.245744,-0.594529,0,0.603898,0.0439848,-0.795847,0,0.221725,-0.968336,0.11473,0,60.7826,106.595,-97.2196,1
-0.765547,-0.245816,-0.594569,0,0.603951,0.043971,-0.795807,0,0.221766,-0.968319,0.114799,0,60.7767,106.582,-97.2236,1
-0.765635,-0.245748,-0.594483,0,0.603843,0.0440201,-0.795887,0,0.221757,-0.968334,0.11469,0,60.7741,106.545,-97.1926,1
-0.765705,-0.245727,-0.594403,0,0.603741,0.0440884,-0.79596,0,0.221795,-0.968336,0.114597,0,60.7921,106.522,-97.1551,1
-0.765721,-0.245768,-0.594365,0,0.603689,0.0441689,-0.795996,0,0.221883,-0.968322,0.114547,0,60.798,106.492,-97.1551,1
-0.765647,-0.2458,-0.594447,0,0.603788,0.0441228,-0.795923,0,0.221867,-0.968316,0.114629,0,60.7831,106.499,-97.174,1
-0.765697,-0.24581,-0.594379,0,0.603707,0.0441745,-0.795982,0,0.221916,-0.968311,0.114573,0,60.7974,106.482,-97.1727,1
-0.765684,-0.245814,-0.594393,0,0.603732,0.0441331,-0.795965,0,0.221892,-0.968312,0.114614,0,60.7852,106.467,-97.1805,1
-0.765743,-0.24576,-0.594339,0,0.603666,0.0441474,-0.796014,0,0.221867,-0.968325,0.114551,0,60.8091,106.474,-97.17,1
-0.765728,-0.245743,-0.594366,0,0.603692,0.0441435,-0.795995,0,0.221847,-0.96833,0.114551,0,60.785,106.467,-97.1733,1
-0.765706,-0.245812,-0.594366,0,0.603694,0.0441726,-0.795991,0,0.221919,-0.968311,0.114572,0,60.7802,106.448,-97.1745,1
-0.765774,-0.245771,-0.594295,0,0.603595,0.0442608,-0.796062,0,0.221953,-0.968317,0.114452,0,60.7986,106.417,-97.1922,1
-0.765971,-0.245683,-0.594078,0,0.603326,0.0444032,-0.796258,0,0.222006,-0.968333,0.114216,0,60.8343,106.383,-97.1876,1
-0.765967,-0.245804,-0.594033,0,0.603279,0.0444689,-0.79629,0,0.222147,-0.968299,0.114227,0,60.8212,106.33,-97.1819,1
-0.766017,-0.245738,-0.593996,0,0.603218,0.0445273,-0.796332,0,0.222138,-0.968313,0.114125,0,60.8292,106.306,-97.1767,1
-0.766029,-0.245808,-0.593952,0,0.603162,0.0446138,-0.79637,0,0.222252,-0.968292,0.114086,0,60.8513,106.28,-97.1602,1
-0.76604,-0.245878,-0.593909,0,0.60311,0.04468,-0.796406,0,0.222355,-0.968271,0.114065,0,60.8264,106.234,-97.1355,1
-0.76614,-0.24582,-0.593803,0,0.602968,0.044791,-0.796507,0,0.222394,-0.96828,0.113906,0,60.8618,106.193,-97.1321,1
-0.766305,-0.245778,-0.593607,0,0.602723,0.0449499,-0.796684,0,0.22249,-0.968283,0.113691,0,60.901,106.141,-97.1282,1
-0.766386,-0.245854,-0.593472,0,0.602538,0.0451801,-0.79681,0,0.222712,-0.968254,0.113511,0,60.903,106.057,-97.1058,1
-0.766478,-0.245855,-0.593353,0,0.602391,0.0452809,-0.796916,0,0.222793,-0.968249,0.113394,0,60.9127,105.995,-97.112,1
-0.766622,-0.245855,-0.593166,0,0.602148,0.045495,-0.797087,0,0.222954,-0.968239,0.113163,0,60.9319,105.915,-97.0732,1
-0.766696,-0.245889,-0.593057,0,0.602,0.0456638,-0.79719,0,0.223101,-0.968222,0.113015,0,60.9445,105.864,-97.0858,1
-0.766761,-0.245963,-0.592941,0,0.601864,0.0457708,-0.797286,0,0.223242,-0.968198,0.112941,0,60.9387,105.779,-97.0974,1
-0.766956,-0.245912,-0.592711,0,0.601562,0.0460132,-0.7975,0,0.223387,-0.9682,0.112641,0,60.9926,105.71,-97.0548,1
-0.767085,-0.24601,-0.592503,0,0.601308,0.0462293,-0.797679,0,0.223628,-0.968165,0.112466,0,61.0114,105.594,-97.0433,1
-0.767211,-0.246081,-0.592311,0,0.601084,0.046369,-0.797839,0,0.223798,-0.96814,0.112341,0,61.0165,105.506,-97.0205,1
-0.767405,-0.246096,-0.592053,0,0.600754,0.0466464,-0.798072,0,0.22402,-0.968122,0.112047,0,61.0485,105.377,-97.0082,1
-0.767607,-0.246097,-0.591791,0,0.600417,0.0469235,-0.798309,0,0.22423,-0.968109,0.111742,0,61.0751,105.275,-96.9678,1
-0.767731,-0.246185,-0.591592,0,0.600158,0.0472002,-0.798488,0,0.224499,-0.968073,0.111513,0,61.0933,105.173,-96.9656,1
-0.7679,-0.246214,-0.591361,0,0.59986,0.047459,-0.798696,0,0.224715,-0.968053,0.11125,0,61.1098,105.052,-96.9572,1
-0.76805,-0.246282,-0.591139,0,0.599563,0.0477772,-0.7989,0,0.224998,-0.96802,0.110967,0,61.1398,104.937,-96.9532,1
-0.768244,-0.24627,-0.590891,0,0.599249,0.048013,-0.799121,0,0.22517,-0.968011,0.110691,0,61.1669,104.819,-96.9064,1
-0.768444,-0.246342,-0.5906,0,0.598872,0.0483717,-0.799383,0,0.22549,-0.967975,0.110356,0,61.1785,104.659,-96.9048,1
-0.768689,-0.246459,-0.590233,0,0.5984,0.0488132,-0.799709,0,0.225906,-0.967924,0.109959,0,61.1927,104.454,-96.873,1
-0.768919,-0.246531,-0.589904,0,0.597962,0.0492632,-0.800009,0,0.226288,-0.967882,0.109537,0,61.2295,104.3,-96.8531,1
-0.769125,-0.246595,-0.589608,0,0.597579,0.0496135,-0.800273,0,0.226596,-0.967848,0.109201,0,61.2569,104.164,-96.8023,1
-0.769393,-0.246583,-0.589264,0,0.597129,0.0500014,-0.800586,0,0.226875,-0.967831,0.108771,0,61.294,103.998,-96.79,1
-0.769685,-0.24659,-0.588879,0,0.596633,0.0504102,-0.800929,0,0.227186,-0.967808,0.108324,0,61.3467,103.847,-96.771,1
-0.769947,-0.2466,-0.588532,0,0.596172,0.0508428,-0.801245,0,0.22751,-0.967783,0.10787,0,61.387,103.68,-96.7659,1
-0.770237,-0.246618,-0.588145,0,0.595658,0.0513257,-0.801597,0,0.227875,-0.967753,0.107367,0,61.4237,103.504,-96.7501,1
-0.770587,-0.246722,-0.587643,0,0.595015,0.0518864,-0.802038,0,0.228371,-0.967696,0.10682,0,61.4968,103.263,-96.6993,1
-0.770856,-0.246774,-0.587269,0,0.594534,0.0522972,-0.802368,0,0.228716,-0.967661,0.106402,0,61.5351,103.092,-96.6792,1
-0.771096,-0.246843,-0.586923,0,0.594075,0.0527534,-0.802678,0,0.229097,-0.967619,0.105965,0,61.5761,102.928,-96.6523,1
-0.771381,-0.246909,-0.586522,0,0.593557,0.0532039,-0.803031,0,0.229481,-0.967577,0.105514,0,61.6072,102.742,-96.6408,1
-0.77159,-0.24701,-0.586204,0,0.593147,0.053588,-0.803309,0,0.229839,-0.96753,0.105165,0,61.6387,102.588,-96.5759,1
-0.771853,-0.247091,-0.585823,0,0.592649,0.0540537,-0.803645,0,0.230239,-0.967484,0.104716,0,61.6672,102.382,-96.5755,1
-0.772054,-0.247116,-0.585548,0,0.592285,0.0543913,-0.803891,0,0.230503,-0.967458,0.10437,0,61.7065,102.25,-96.5456,1
-0.77237,-0.247123,-0.585129,0,0.591754,0.0547902,-0.804255,0,0.230809,-0.967434,0.103917,0,61.771,102.083,-96.5291,1
-0.772851,-0.247185,-0.584467,0,0.590896,0.0555232,-0.804835,0,0.231394,-0.967376,0.103149,0,61.8388,101.774,-96.4629,1
-0.773121,-0.247318,-0.584052,0,0.590356,0.0560405,-0.805196,0,0.23187,-0.967313,0.10268,0,61.8812,101.549,-96.4584,1
-0.77353,-0.247356,-0.583495,0,0.589637,0.056632,-0.805681,0,0.232335,-0.967268,0.102044,0,61.9576,101.334,-96.41,1
-0.773885,-0.247398,-0.583006,0,0.588994,0.0572077,-0.80611,0,0.232782,-0.967224,0.101444,0,62.0126,101.105,-96.4147,1
-0.774235,-0.247437,-0.582525,0,0.588374,0.0577178,-0.806526,0,0.233187,-0.967184,0.100899,0,62.0578,100.89,-96.3814,1
-0.774542,-0.247559,-0.582065,0,0.58777,0.0582905,-0.806925,0,0.23369,-0.967118,0.100359,0,62.0998,100.67,-96.3362,1
-0.774815,-0.247636,-0.581669,0,0.587268,0.0586948,-0.807262,0,0.234048,-0.967074,0.0999509,0,62.1402,100.477,-96.307,1
-0.775152,-0.24778,-0.581158,0,0.586592,0.0593514,-0.807705,0,0.234625,-0.966997,0.0993391,0,62.164,100.195,-96.2514,1
-0.775435,-0.247842,-0.580754,0,0.586067,0.0598081,-0.808052,0,0.235003,-0.966953,0.0988749,0,62.2136,100.009,-96.2187,1
-0.775702,-0.24792,-0.580364,0,0.585558,0.0602632,-0.808388,0,0.23539,-0.966905,0.0984253,0,62.2422,99.8284,-96.1821,1
-0.775965,-0.248018,-0.57997,0,0.585044,0.0607315,-0.808725,0,0.235801,-0.96685,0.0979759,0,62.2934,99.6486,-96.1655,1
-0.776208,-0.248101,-0.57961,0,0.584585,0.0611083,-0.809028,0,0.236139,-0.966805,0.0976031,0,62.3427,99.4744,-96.126,1
-0.776519,-0.248102,-0.579192,0,0.584067,0.0614447,-0.809376,0,0.236396,-0.966784,0.0971955,0,62.3867,99.3112,-96.1049,1
-0.776691,-0.248187,-0.578925,0,0.583705,0.0618222,-0.809609,0,0.236725,-0.966738,0.0968515,0,62.4223,99.1702,-96.093,1
-0.777079,-0.248223,-0.578388,0,0.583026,0.0623286,-0.810059,0,0.237126,-0.966696,0.0962862,0,62.4852,98.9538,-96.0333,1
-0.777229,-0.248313,-0.578149,0,0.582696,0.0626962,-0.810269,0,0.237448,-0.966649,0.0959615,0,62.5204,98.8128,-96.0448,1
-0.777438,-0.24831,-0.577869,0,0.582341,0.0629486,-0.810504,0,0.237632,-0.966634,0.0956625,0,62.5547,98.7041,-96.0228,1
-0.777609,-0.248327,-0.577632,0,0.582036,0.0631889,-0.810704,0,0.237819,-0.966613,0.0953988,0,62.5766,98.5953,-95.9853,1
-0.777861,-0.248384,-0.577267,0,0.581554,0.063628,-0.811016,0,0.238174,-0.96657,0.0949551,0,62.6351,98.4452,-95.9594,1
-0.77813,-0.24831,-0.576936,0,0.581136,0.0638964,-0.811295,0,0.238317,-0.966571,0.0945822,0,62.687,98.3272,-95.9739,1
-0.778356,-0.248358,-0.57661,0,0.580716,0.064238,-0.811568,0,0.2386,-0.966536,0.0942255,0,62.7241,98.184,-95.9469,1
-0.778563,-0.248442,-0.576296,0,0.580293,0.0646578,-0.811837,0,0.238956,-0.966487,0.0938288,0,62.7479,98.0034,-95.9258,1
-0.778744,-0.248525,-0.576015,0,0.579935,0.0649552,-0.812069,0,0.239235,-0.966445,0.093545,0,62.7958,97.8976,-95.9405,1
-0.77893,-0.248543,-0.575756,0,0.579603,0.0652152,-0.812286,0,0.239436,-0.966423,0.0932583,0,62.8237,97.7797,-95.898,1
-0.779047,-0.248606,-0.57557,0,0.579365,0.0654151,-0.812439,0,0.239628,-0.966394,0.0930723,0,62.8156,97.6643,-95.8968,1
-0.779212,-0.248677,-0.575317,0,0.579024,0.0657554,-0.812655,0,0.239918,-0.966352,0.0927524,0,62.8389,97.5655,-95.8699,1
-0.779361,-0.248708,-0.575101,0,0.578755,0.0659435,-0.812831,0,0.240081,-0.966331,0.092547,0,62.8592,97.4543,-95.8525,1
-0.779472,-0.248763,-0.574927,0,0.578519,0.0661862,-0.812979,0,0.240291,-0.966301,0.0923236,0,62.8811,97.3766,-95.8422,1
-0.779614,-0.248795,-0.57472,0,0.57826,0.0663715,-0.813149,0,0.240452,-0.96628,0.0921243,0,62.8906,97.2793,-95.8389,1
-0.779803,-0.248867,-0.574432,0,0.577881,0.0667153,-0.81339,0,0.24075,-0.966237,0.0917909,0,62.9191,97.1452,-95.8222,1
-0.779892,-0.248905,-0.574296,0,0.577684,0.0669532,-0.81351,0,0.240937,-0.966211,0.0915718,0,62.937,97.0756,-95.828,1
-0.78003,-0.248956,-0.574086,0,0.57742,0.0671543,-0.813681,0,0.241123,-0.966184,0.0913695,0,62.9535,96.9957,-95.8066,1
-0.780107,-0.24898,-0.57397,0,0.57726,0.0673164,-0.813781,0,0.241253,-0.966167,0.0912122,0,62.9681,96.9259,-95.8015,1
-0.780191,-0.249041,-0.57383,0,0.577089,0.0674447,-0.813892,0,0.241394,-0.966142,0.091099,0,62.989,96.871,-95.7885,1
-0.780283,-0.249064,-0.573695,0,0.576904,0.0676289,-0.814008,0,0.241538,-0.966123,0.0909164,0,62.9973,96.8067,-95.7979,1
-0.780347,-0.249075,-0.573602,0,0.576782,0.0677341,-0.814085,0,0.24162,-0.966113,0.0908056,0,62.9976,96.7523,-95.7568,1
-0.780389,-0.249169,-0.573506,0,0.576652,0.0678871,-0.814165,0,0.241798,-0.966078,0.0907053,0,63.0008,96.6727,-95.7764,1
-0.780477,-0.249189,-0.573377,0,0.576485,0.0680241,-0.814271,0,0.24191,-0.966063,0.0905623,0,63.0115,96.643,-95.7462,1
-0.780548,-0.249178,-0.573285,0,0.576369,0.0681011,-0.814347,0,0.241958,-0.966061,0.0904621,0,63.0309,96.6063,-95.7617,1
-0.780598,-0.249149,-0.573228,0,0.576293,0.0681577,-0.814396,0,0.241976,-0.966064,0.0903791,0,63.0317,96.5824,-95.7425,1
-0.7806,-0.249229,-0.573191,0,0.576235,0.0682657,-0.814428,0,0.242108,-0.966036,0.0903264,0,63.0244,96.543,-95.7317,1
-0.780676,-0.249211,-0.573096,0,0.57612,0.0683174,-0.814505,0,0.242136,-0.966037,0.0902416,0,63.0436,96.5024,-95.7345,1
-0.780727,-0.249205,-0.573029,0,0.576033,0.0683857,-0.814561,0,0.242179,-0.966034,0.0901599,0,63.0622,96.491,-95.7362,1
-0.780773,-0.249204,-0.572968,0,0.575953,0.068449,-0.814612,0,0.242224,-0.966029,0.0900868,0,63.0647,96.4796,-95.736,1
-0.780807,-0.249182,-0.57293,0,0.575909,0.0684609,-0.814642,0,0.242217,-0.966034,0.0900513,0,63.0676,96.4677,-95.7312,1
-0.780812,-0.249212,-0.572911,0,0.575895,0.0684486,-0.814653,0,0.242236,-0.966027,0.0900746,0,63.0679,96.4454,-95.7317,1
-0.780762,-0.249243,-0.572964,0,0.575951,0.0684583,-0.814613,0,0.24226,-0.966019,0.0901021,0,63.0543,96.4501,-95.7729,1
-0.780834,-0.249202,-0.572885,0,0.575854,0.0684969,-0.814678,0,0.24226,-0.966026,0.0900196,0,63.0615,96.4359,-95.7196,1
-0.780821,-0.249213,-0.572898,0,0.57586,0.0685347,-0.814671,0,0.24229,-0.966021,0.0899983,0,63.0692,96.4378,-95.7271,1
-0.780804,-0.249215,-0.57292,0,0.575902,0.068461,-0.814648,0,0.242245,-0.966025,0.0900689,0,63.0663,96.4482,-95.7423,1
-0.780808,-0.249262,-0.572894,0,0.575874,0.0684821,-0.814665,0,0.242298,-0.966012,0.0900725,0,63.037,96.4223,-95.7159,1
-0.780806,-0.249199,-0.572925,0,0.575896,0.0684944,-0.814648,0,0.242252,-0.966027,0.090032,0,63.0636,96.4509,-95.7421,1
-0.780794,-0.249229,-0.572928,0,0.575907,0.0684788,-0.814642,0,0.242266,-0.966021,0.0900647,0,63.0657,96.4359,-95.7371,1
-0.780806,-0.249252,-0.572902,0,0.57587,0.0685257,-0.814664,0,0.242315,-0.966011,0.0900317,0,63.0527,96.426,-95.7114,1
-0.780819,-0.249226,-0.572895,0,0.575874,0.0684699,-0.814666,0,0.242262,-0.966022,0.0900603,0,63.0657,96.426,-95.7318,1
-0.780804,-0.249239,-0.572909,0,0.575895,0.0684539,-0.814653,0,0.242261,-0.96602,0.0900864,0,63.0577,96.4386,-95.7266,1
-0.780782,-0.249262,-0.57293,0,0.575908,0.0684943,-0.81464,0,0.242301,-0.966011,0.0900731,0,63.0578,96.4383,-95.7553,1
-0.780804,-0.249277,-0.572892,0,0.57586,0.0685342,-0.81467,0,0.242341,-0.966004,0.0900372,0,63.0388,96.4127,-95.7086,1
-0.780815,-0.24924,-0.572895,0,0.575862,0.0685233,-0.81467,0,0.242305,-0.966015,0.0900238,0,63.0589,96.4291,-95.7287,1
-0.780837,-0.249248,-0.57286,0,0.575827,0.0685202,-0.814695,0,0.242313,-0.966013,0.0900206,0,63.054,96.4073,-95.7271,1
-0.780798,-0.249276,-0.572901,0,0.575874,0.0685175,-0.814663,0,0.24233,-0.966006,0.0900532,0,63.0532,96.4284,-95.7281,1
-0.780802,-0.249246,-0.572909,0,0.57588,0.0685143,-0.814659,0,0.242303,-0.966014,0.0900397,0,63.0556,96.4308,-95.7362,1
-0.780807,-0.249251,-0.5729,0,0.575872,0.0685106,-0.814664,0,0.242305,-0.966013,0.0900431,0,63.0628,96.4273,-95.7175,1
-0.780807,-0.249224,-0.572912,0,0.575888,0.0684862,-0.814655,0,0.242268,-0.966021,0.0900507,0,63.063,96.429,-95.7414,1
-0.780838,-0.249214,-0.572875,0,0.57584,0.068519,-0.814686,0,0.242284,-0.966022,0.0900052,0,63.0436,96.4075,-95.719,1
-0.78084,-0.249184,-0.572885,0,0.575856,0.0684832,-0.814678,0,0.242237,-0.966032,0.0900196,0,63.0813,96.4382,-95.7344,1
-0.78084,-0.249182,-0.572886,0,0.575857,0.0684849,-0.814677,0,0.242237,-0.966032,0.0900175,0,63.0844,96.4449,-95.746,1
-0.780797,-0.249259,-0.572911,0,0.57589,0.0684833,-0.814654,0,0.242294,-0.966013,0.0900742,0,63.0574,96.42,-95.7275,1
-0.780848,-0.249212,-0.572861,0,0.575828,0.0685075,-0.814695,0,0.242277,-0.966023,0.0900093,0,63.0693,96.4177,-95.7203,1
-0.78083,-0.249207,-0.572887,0,0.575864,0.0684743,-0.814673,0,0.24225,-0.966027,0.0900423,0,63.0639,96.4245,-95.7197,1
-0.7808,-0.249246,-0.572911,0,0.575878,0.068531,-0.814658,0,0.242312,-0.966013,0.0900262,0,63.0586,96.4311,-95.7334,1
-0.780796,-0.249222,-0.572928,0,0.575904,0.0684854,-0.814644,0,0.242264,-0.966022,0.0900549,0,63.0532,96.4337,-95.7425,1
-0.780787,-0.24927,-0.572919,0,0.5759,0.0684872,-0.814647,0,0.242304,-0.966009,0.0900805,0,63.0504,96.4257,-95.7372,1
-0.780845,-0.24922,-0.572863,0,0.575829,0.068516,-0.814695,0,0.242288,-0.96602,0.0900075,0,63.0679,96.4205,-95.7242,1
-0.780782,-0.24926,-0.57293,0,0.575917,0.0684616,-0.814637,0,0.24228,-0.966014,0.0900996,0,63.0494,96.422,-95.7558,1
-0.780831,-0.249253,-0.572867,0,0.575828,0.0685482,-0.814692,0,0.242333,-0.96601,0.0900022,0,63.0691,96.42,-95.7203,1
-0.780827,-0.249242,-0.572877,0,0.575848,0.0685072,-0.814682,0,0.242299,-0.966015,0.0900331,0,63.0617,96.426,-95.719,1
-0.780785,-0.249241,-0.572935,0,0.575915,0.0684811,-0.814636,0,0.242276,-0.966017,0.0900727,0,63.0587,96.4333,-95.739,1
-0.780797,-0.249272,-0.572904,0,0.575884,0.0684876,-0.814658,0,0.242308,-0.966009,0.0900767,0,63.0602,96.4209,-95.736,1
-0.780787,-0.24927,-0.572919,0,0.5759,0.0684871,-0.814647,0,0.242304,-0.96601,0.0900805,0,63.0527,96.4245,-95.7333,1
-0.780817,-0.24921,-0.572904,0,0.575883,0.0684684,-0.81466,0,0.242247,-0.966026,0.0900547,0,63.0619,96.4421,-95.7311,1
-0.780826,-0.249202,-0.572895,0,0.57587,0.0684781,-0.814668,0,0.242248,-0.966028,0.0900384,0,63.0629,96.4248,-95.7187,1
-0.780842,-0.249199,-0.572875,0,0.575847,0.0684848,-0.814684,0,0.242252,-0.966028,0.090025,0,63.0664,96.4315,-95.7126,1
-0.780779,-0.249287,-0.572923,0,0.575897,0.0685195,-0.814646,0,0.242337,-0.966003,0.0900649,0,63.0538,96.4216,-95.738,1
-0.780848,-0.249196,-0.572868,0,0.575839,0.0684892,-0.81469,0,0.242253,-0.966028,0.0900171,0,63.0673,96.4311,-95.7147,1
-0.780804,-0.249246,-0.572906,0,0.575881,0.0684976,-0.814659,0,0.242293,-0.966015,0.0900529,0,63.0635,96.4249,-95.7384,1
-0.780803,-0.249283,-0.572892,0,0.575866,0.0685119,-0.814669,0,0.242333,-0.966004,0.0900594,0,63.0512,96.4214,-95.7175,1
-0.780808,-0.249265,-0.572892,0,0.575864,0.0685137,-0.814669,0,0.24232,-0.966009,0.0900469,0,63.0572,96.4243,-95.7148,1
-0.780827,-0.249231,-0.572882,0,0.575854,0.068501,-0.814678,0,0.242285,-0.966019,0.090033,0,63.0529,96.4199,-95.7221,1
-0.780836,-0.249249,-0.572861,0,0.575825,0.0685353,-0.814695,0,0.242323,-0.966012,0.0900092,0,63.0493,96.4031,-95.7206,1
-0.780834,-0.249252,-0.572863,0,0.575833,0.0685159,-0.814692,0,0.242314,-0.966012,0.0900279,0,63.0661,96.4261,-95.7105,1
-0.780841,-0.249216,-0.572869,0,0.575834,0.0685186,-0.81469,0,0.242286,-0.966021,0.090005,0,63.0578,96.4172,-95.7312,1
-0.780804,-0.249262,-0.572899,0,0.575871,0.0685161,-0.814665,0,0.242317,-0.96601,0.090045,0,63.0571,96.4158,-95.7405,1
-0.780796,-0.249279,-0.572903,0,0.575869,0.0685481,-0.814664,0,0.24235,-0.966003,0.0900298,0,63.0511,96.4166,-95.7304,1
-0.780821,-0.24922,-0.572895,0,0.575872,0.0684768,-0.814667,0,0.242261,-0.966023,0.0900503,0,63.0501,96.4254,-95.7333,1
-0.780831,-0.249265,-0.572862,0,0.575827,0.0685354,-0.814694,0,0.242336,-0.966008,0.0900191,0,63.0504,96.405,-95.7194,1
-0.780809,-0.249274,-0.572888,0,0.57585,0.0685556,-0.814676,0,0.242352,-0.966004,0.0900156,0,63.0468,96.4105,-95.7193,1
-0.780836,-0.249218,-0.572875,0,0.575846,0.0684984,-0.814684,0,0.242275,-0.966022,0.0900252,0,63.0527,96.4261,-95.7053,1
-0.780851,-0.249222,-0.572852,0,0.575814,0.0685312,-0.814703,0,0.2423,-0.966019,0.0899932,0,63.0507,96.398,-95.72,1
-0.780811,-0.249249,-0.572896,0,0.575867,0.0685127,-0.814668,0,0.242305,-0.966013,0.0900386,0,63.0454,96.4028,-95.7266,1
-0.78079,-0.24927,-0.572914,0,0.575903,0.0684533,-0.814647,0,0.242285,-0.966012,0.0901079,0,63.0521,96.4211,-95.7385,1
-0.780783,-0.249289,-0.572917,0,0.575899,0.0684843,-0.814647,0,0.242318,-0.966005,0.090094,0,63.0535,96.41,-95.7622,1
-0.780833,-0.249211,-0.572882,0,0.575838,0.068556,-0.814685,0,0.242303,-0.96602,0.0899744,0,63.0598,96.4197,-95.748,1
-0.780808,-0.249242,-0.572903,0,0.575876,0.0685013,-0.814662,0,0.242293,-0.966016,0.0900464,0,63.0459,96.4088,-95.7283,1
-0.780812,-0.249273,-0.572884,0,0.575854,0.0685234,-0.814676,0,0.242332,-0.966006,0.0900408,0,63.049,96.4139,-95.7093,1
-0.780756,-0.249303,-0.572947,0,0.575929,0.0684971,-0.814625,0,0.242334,-0.966,0.0901017,0,63.0328,96.4076,-95.7451,1
-0.780827,-0.249222,-0.572885,0,0.57585,0.0685261,-0.814678,0,0.242293,-0.966019,0.0900075,0,63.0573,96.4192,-95.7089,1
-0.780798,-0.249253,-0.572911,0,0.575885,0.0685053,-0.814655,0,0.242303,-0.966013,0.0900525,0,63.0387,96.4145,-95.7111,1
-0.780822,-0.249262,-0.572876,0,0.575845,0.0685196,-0.814682,0,0.242322,-0.966009,0.0900348,0,63.053,96.4099,-95.7227,1
-0.780799,-0.249284,-0.572897,0,0.575868,0.0685268,-0.814666,0,0.242341,-0.966003,0.0900487,0,63.0353,96.398,-95.7409,1
-0.780821,-0.249242,-0.572885,0,0.575848,0.0685385,-0.814679,0,0.242317,-0.966013,0.0900094,0,63.0424,96.4062,-95.7321,1
-0.780818,-0.24926,-0.572881,0,0.575851,0.0685203,-0.814679,0,0.242321,-0.96601,0.0900346,0,63.0468,96.3962,-95.7333,1
-0.780843,-0.249259,-0.572848,0,0.575809,0.0685445,-0.814706,0,0.242338,-0.966008,0.0900032,0,63.0575,96.4014,-95.7235,1
-0.780789,-0.249247,-0.572927,0,0.575913,0.0684579,-0.81464,0,0.242268,-0.966018,0.0900932,0,63.0407,96.4074,-95.7455,1
-0.780817,-0.24925,-0.572886,0,0.575848,0.068547,-0.814678,0,0.242328,-0.96601,0.0900077,0,63.0496,96.4046,-95.7396,1
-0.78083,-0.249235,-0.572875,0,0.575852,0.0684795,-0.814681,0,0.242277,-0.966019,0.0900514,0,63.0418,96.3987,-95.7246,1
-0.78081,-0.249252,-0.572896,0,0.575881,0.0684572,-0.814662,0,0.242275,-0.966016,0.0900876,0,63.0377,96.4011,-95.7288,1
-0.780831,-0.249228,-0.572878,0,0.575848,0.0685029,-0.814682,0,0.242285,-0.966019,0.0900282,0,63.0471,96.3894,-95.7382,1
-0.780846,-0.249197,-0.572871,0,0.575842,0.0684866,-0.814687,0,0.242251,-0.966028,0.0900205,0,63.0528,96.405,-95.733,1
-0.780832,-0.249225,-0.572878,0,0.575851,0.0684893,-0.81468,0,0.242275,-0.966021,0.090038,0,63.0462,96.4046,-95.7257,1
-0.780824,-0.249209,-0.572896,0,0.575878,0.0684521,-0.814665,0,0.242238,-0.966028,0.090065,0,63.0476,96.4057,-95.7155,1
-0.780866,-0.249186,-0.572848,0,0.575818,0.0684848,-0.814705,0,0.242244,-0.966031,0.0900086,0,63.0538,96.4109,-95.7114,1
-0.780841,-0.249244,-0.572857,0,0.575823,0.0685237,-0.814698,0,0.242313,-0.966014,0.0900144,0,63.0388,96.3898,-95.7401,1
-0.780817,-0.249242,-0.572891,0,0.575868,0.0684857,-0.81467,0,0.242285,-0.966017,0.0900556,0,63.0409,96.3928,-95.7406,1
-0.780826,-0.249184,-0.572903,0,0.575889,0.068427,-0.814659,0,0.242202,-0.966036,0.090073,0,63.0571,96.4196,-95.7596,1
-0.780836,-0.249256,-0.572858,0,0.575811,0.0685789,-0.814701,0,0.242356,-0.966006,0.0899758,0,63.0435,96.3954,-95.7252,1
-0.780821,-0.249227,-0.572891,0,0.575863,0.0685009,-0.814672,0,0.242282,-0.96602,0.0900339,0,63.0322,96.3884,-95.7317,1
-0.780832,-0.249242,-0.57287,0,0.57584,0.0685062,-0.814687,0,0.242299,-0.966015,0.0900318,0,63.0361,96.3891,-95.7358,1
-0.780863,-0.249154,-0.572866,0,0.575826,0.0685162,-0.814697,0,0.242235,-0.966037,0.0899673,0,63.0553,96.4006,-95.7436,1
-0.780821,-0.2492,-0.572903,0,0.575874,0.0684959,-0.814664,0,0.242256,-0.966027,0.0900247,0,63.0545,96.4142,-95.7535,1
-0.780838,-0.249224,-0.57287,0,0.575842,0.0684922,-0.814687,0,0.242276,-0.966021,0.0900322,0,63.0393,96.3997,-95.7243,1
-0.78084,-0.24921,-0.572874,0,0.575845,0.0684901,-0.814685,0,0.242264,-0.966025,0.0900267,0,63.0636,96.4185,-95.7124,1
-0.780844,-0.249228,-0.572861,0,0.575838,0.0684726,-0.814692,0,0.242269,-0.966021,0.0900483,0,63.0434,96.4044,-95.7164,1
-0.780821,-0.24921,-0.572898,0,0.575894,0.0683999,-0.814658,0,0.242207,-0.966031,0.0901105,0,63.0561,96.4124,-95.7328,1
-0.780861,-0.249193,-0.572851,0,0.575819,0.0684951,-0.814703,0,0.242256,-0.966029,0.090005,0,63.0654,96.4155,-95.7188,1
-0.780838,-0.249175,-0.57289,0,0.575881,0.0684045,-0.814667,0,0.242183,-0.96604,0.0900823,0,63.0416,96.415,-95.7148,1
