0.638472,-0.769571,0.0107422,0,0.769597,0.638213,-0.0200976,0,0.0086107,0.0210989,0.99974,0,52.7848,56.6051,-67.7451,1
0.637141,-0.770673,0.0107219,0,0.770701,0.636889,-0.0198275,0,0.00845183,0.0208963,0.999746,0,52.7927,56.6572,-67.7972,1
0.635445,-0.772074,0.0105546,0,0.7721,0.635197,-0.0196375,0,0.00845742,0.0206278,0.999752,0,52.8032,56.7467,-67.8439,1
0.634047,-0.773224,0.0104452,0,0.773249,0.633805,-0.0194507,0,0.00841957,0.0204094,0.999756,0,52.8802,56.8105,-67.8689,1
0.632862,-0.774197,0.0102836,0,0.774218,0.632622,-0.0193604,0,0.00848311,0.0202142,0.99976,0,52.8995,56.8629,-67.8693,1
0.631563,-0.775259,0.0101247,0,0.775278,0.631327,-0.0192401,0,0.00852405,0.0200008,0.999764,0,52.9462,56.9112,-67.8838,1
0.630032,-0.776506,0.00997772,0,0.776523,0.629801,-0.0190535,0,0.00851116,0.0197522,0.999769,0,52.9986,56.9595,-67.8934,1
0.628786,-0.777517,0.00977356,0,0.777531,0.628558,-0.018991,0,0.00862261,0.0195406,0.999772,0,53.0218,57.0048,-67.9107,1
0.627574,-0.778497,0.00964242,0,0.778509,0.62735,-0.0188649,0,0.00863713,0.0193459,0.999776,0,53.0745,57.053,-67.9192,1
0.626294,-0.779528,0.00961271,0,0.779541,0.626075,-0.0186219,0,0.00849804,0.0191563,0.999781,0,53.0466,57.1166,-67.9525,1
0.624243,-0.781174,0.00941761,0,0.781184,0.62403,-0.0183822,0,0.00848284,0.0188319,0.999787,0,53.0845,57.2046,-67.9791,1
0.622886,-0.782258,0.00929715,0,0.782267,0.622677,-0.0182193,0,0.00846308,0.0186214,0.999791,0,53.0765,57.2744,-68.0149,1
0.621275,-0.783539,0.00915634,0,0.783547,0.621071,-0.0180085,0,0.00842363,0.0183627,0.999796,0,53.0952,57.3223,-68.0377,1
0.619868,-0.784655,0.00900526,0,0.784661,0.619668,-0.0178693,0,0.00844101,0.0181427,0.9998,0,53.1202,57.3924,-68.0573,1
0.618131,-0.786026,0.00885152,0,0.786031,0.617936,-0.017649,0,0.00840295,0.017867,0.999805,0,53.1859,57.4478,-68.0862,1
0.616701,-0.78715,0.00864473,0,0.787152,0.616509,-0.0175559,0,0.00848956,0.0176314,0.999809,0,53.2123,57.5021,-68.1005,1
0.614882,-0.788573,0.00851936,0,0.788574,0.614697,-0.0172849,0,0.00839362,0.0173464,0.999815,0,53.2719,57.551,-68.1301,1
0.612084,-0.790749,0.00826425,0,0.790749,0.611907,-0.0169391,0,0.00833768,0.0169031,0.999823,0,53.3511,57.6373,-68.1779,1
0.610324,-0.79211,0.00814744,0,0.792109,0.610152,-0.0166745,0,0.00823686,0.0166305,0.999828,0,53.3458,57.6966,-68.2368,1
0.608504,-0.793511,0.00800124,0,0.793509,0.608337,-0.0164504,0,0.00818615,0.0163592,0.999833,0,53.3902,57.7941,-68.2888,1
0.606532,-0.795022,0.00772812,0,0.795017,0.606369,-0.0163061,0,0.00827765,0.0160342,0.999837,0,53.4593,57.8464,-68.2964,1
0.604829,-0.79632,0.00754503,0,0.796312,0.60467,-0.0161471,0,0.008296,0.0157744,0.999841,0,53.4996,57.9358,-68.3215,1
0.602916,-0.797772,0.00729456,0,0.797761,0.602762,-0.0159931,0,0.00836198,0.0154618,0.999846,0,53.5385,57.9909,-68.3448,1
0.601168,-0.799091,0.00719653,0,0.79908,0.601019,-0.0157322,0,0.00824621,0.0152083,0.999851,0,53.5368,58.0826,-68.3784,1
0.599028,-0.800698,0.00699968,0,0.800687,0.598883,-0.0154862,0,0.0082078,0.0148812,0.999856,0,53.5833,58.1709,-68.3987,1
0.595939,-0.803002,0.00669194,0,0.802988,0.595802,-0.0151533,0,0.00818112,0.014404,0.999863,0,53.6464,58.2904,-68.4527,1
0.593558,-0.804765,0.00650387,0,0.804751,0.593428,-0.0148409,0,0.00808389,0.014043,0.999869,0,53.7218,58.3692,-68.4774,1
0.591471,-0.806302,0.00627711,0,0.806286,0.591345,-0.0146348,0,0.00808818,0.0137172,0.999873,0,53.7497,58.4434,-68.4959,1
0.58985,-0.80749,0.00612982,0,0.807473,0.589728,-0.0144462,0,0.00805026,0.0134708,0.999877,0,53.8016,58.5007,-68.5281,1
0.587668,-0.809081,0.00592345,0,0.809063,0.587551,-0.0141962,0,0.00800553,0.0131351,0.999882,0,53.8438,58.5705,-68.5763,1
0.58505,-0.810978,0.00556072,0,0.810956,0.584938,-0.0140406,0,0.00813393,0.0127239,0.999886,0,53.9144,58.6712,-68.6226,1
0.582811,-0.81259,0.0053567,0,0.812568,0.582704,-0.0137808,0,0.00807676,0.0123843,0.999891,0,53.9641,58.7475,-68.6569,1
0.579442,-0.814997,0.00518403,0,0.814977,0.579343,-0.0132305,0,0.00777954,0.0118912,0.999899,0,53.9569,58.8558,-68.7293,1
0.57698,-0.816744,0.00489593,0,0.816721,0.576886,-0.0129971,0,0.0077909,0.0114977,0.999904,0,54.0084,58.9044,-68.7733,1
0.574491,-0.818498,0.00467151,0,0.818475,0.574403,-0.0126956,0,0.00770806,0.0111171,0.999909,0,54.0345,58.9596,-68.8001,1
0.57194,-0.820284,0.00433566,0,0.820258,0.571856,-0.0125206,0,0.00779108,0.0107174,0.999912,0,54.1285,59.0403,-68.8008,1
0.569538,-0.821955,0.00415852,0,0.821929,0.569459,-0.0121963,0,0.00765674,0.0103643,0.999917,0,54.144,59.1217,-68.8282,1
0.567084,-0.823651,0.00393977,0,0.823626,0.567009,-0.0119013,0,0.00756865,0.00999394,0.999922,0,54.1559,59.1913,-68.8717,1
0.564505,-0.825421,0.00368006,0,0.825395,0.564436,-0.0116386,0,0.00752966,0.00960761,0.999926,0,54.2001,59.2742,-68.9118,1
0.561923,-0.827183,0.00341973,0,0.827156,0.561858,-0.0113762,0,0.00748881,0.00922121,0.99993,0,54.2542,59.3552,-68.9882,1
0.558082,-0.829781,0.00306034,0,0.829753,0.558023,-0.0109552,0,0.00738274,0.00865326,0.999935,0,54.3273,59.4891,-69.0571,1
0.555167,-0.831734,0.00285135,0,0.831708,0.555114,-0.0105559,0,0.00719692,0.00823181,0.99994,0,54.3965,59.5676,-69.101,1
0.55226,-0.833668,0.00243943,0,0.83364,0.552211,-0.0103944,0,0.00731844,0.00777404,0.999943,0,54.5136,59.6444,-69.1268,1
0.549392,-0.835562,0.00220732,0,0.835534,0.549348,-0.0100401,0,0.00717653,0.00736025,0.999947,0,54.5329,59.7372,-69.1859,1
0.546747,-0.837296,0.00203076,0,0.837269,0.546706,-0.00966816,0,0.0069849,0.00698635,0.999951,0,54.5237,59.8231,-69.2487,1
0.544796,-0.838567,0.00180135,0,0.83854,0.544758,-0.00950734,0,0.00699127,0.00669009,0.999953,0,54.5429,59.8846,-69.2615,1
0.542581,-0.840002,0.00152724,0,0.839974,0.542546,-0.00934593,0,0.00702201,0.00635378,0.999955,0,54.6026,59.9298,-69.2634,1
0.538274,-0.84277,0.000949387,0,0.84274,0.538245,-0.00907876,0,0.00714032,0.00568698,0.999958,0,54.7245,60.0159,-69.3152,1
0.535025,-0.844836,0.000656351,0,0.844807,0.535,-0.00870309,0,0.00700155,0.00521087,0.999962,0,54.8011,60.0814,-69.3693,1
0.532018,-0.846733,0.000472138,0,0.846706,0.531997,-0.00824523,0,0.00673033,0.00478638,0.999966,0,54.8034,60.1606,-69.4468,1
0.528946,-0.848656,0.000221167,0,0.84863,0.528928,-0.00785904,0,0.00655267,0.00434472,0.999969,0,54.8342,60.229,-69.5016,1
0.526048,-0.850455,-7.88341e-05,0,0.85043,0.526034,-0.00757152,0,0.00648072,0.00391595,0.999971,0,54.8663,60.2813,-69.5359,1
0.522872,-0.852411,-0.000455509,0,0.852387,0.522861,-0.00733507,0,0.00649069,0.00344705,0.999973,0,54.9437,60.3697,-69.5612,1
0.519687,-0.854356,-0.000727724,0,0.854333,0.519679,-0.00695498,0,0.00632024,0.00299272,0.999976,0,54.9623,60.4475,-69.6156,1
0.514766,-0.85733,-0.00131269,0,0.857308,0.514763,-0.00658521,0,0.00632142,0.00226448,0.999978,0,55.069,60.5593,-69.6649,1
0.511441,-0.859317,-0.00167356,0,0.859295,0.511441,-0.00629386,0,0.00626437,0.00178088,0.999979,0,55.1357,60.6301,-69.7314,1
0.507975,-0.86137,-0.00194515,0,0.861351,0.507977,-0.00586357,0,0.0060388,0.0013031,0.999981,0,55.1818,60.7277,-69.7879,1
0.506234,-0.862394,-0.00212999,0,0.862375,0.506238,-0.00570149,0,0.00599524,0.00104944,0.999982,0,55.2409,60.754,-69.82,1
0.502859,-0.864365,-0.0024528,0,0.864349,0.502865,-0.00535446,0,0.00586165,0.000572462,0.999983,0,55.3041,60.8354,-69.8607,1
0.499537,-0.866288,-0.00267667,0,0.866275,0.499545,-0.00488598,0,0.00556979,0.000122007,0.999985,0,55.3024,60.9395,-69.9435,1
0.495972,-0.868334,-0.00304663,0,0.868322,0.495981,-0.00455692,0,0.00546801,-0.000385348,0.999985,0,55.3673,60.9969,-69.9782,1
0.490475,-0.871447,-0.0038168,0,0.871437,0.490489,-0.00430199,0,0.00562108,-0.00121604,0.999984,0,55.5331,61.0639,-70.0176,1
0.486931,-0.873431,-0.00422459,0,0.873423,0.486946,-0.00403769,0,0.00558379,-0.00172377,0.999983,0,55.6023,61.133,-70.031,1
0.483502,-0.875332,-0.00450737,0,0.875327,0.483519,-0.00361484,0,0.00534358,-0.00219764,0.999983,0,55.5733,61.1852,-70.0972,1
0.47989,-0.877315,-0.00485172,0,0.877314,0.479907,-0.00323784,0,0.005169,-0.00270264,0.999983,0,55.5998,61.2488,-70.1468,1
0.475916,-0.879476,-0.00521039,0,0.879477,0.475933,-0.00277,0,0.00491596,-0.00326411,0.999983,0,55.6719,61.2816,-70.2152,1
0.472088,-0.881534,-0.00554257,0,0.881539,0.472105,-0.00232089,0,0.00466265,-0.00379031,0.999982,0,55.7123,61.3529,-70.2992,1
0.468366,-0.883515,-0.00594975,0,0.883523,0.468384,-0.00202575,0,0.00457657,-0.00430794,0.99998,0,55.7502,61.4277,-70.3594,1
0.465499,-0.885026,-0.00631262,0,0.885037,0.465518,-0.0018694,0,0.00459313,-0.00471668,0.999979,0,55.8067,61.4857,-70.3953,1
0.460772,-0.887492,-0.00690246,0,0.887507,0.460792,-0.00158121,0,0.00458392,-0.00539738,0.999975,0,55.8952,61.5584,-70.3743,1
0.456761,-0.889559,-0.00733688,0,0.889578,0.456781,-0.00124817,0,0.00446168,-0.0059566,0.999973,0,55.9589,61.6043,-70.4118,1
0.452391,-0.891787,-0.00771064,0,0.89181,0.452409,-0.000747867,0,0.00415532,-0.00653808,0.99997,0,56.035,61.6797,-70.4655,1
0.448331,-0.893832,-0.00804493,0,0.89386,0.448347,-0.000243068,0,0.00382419,-0.00708204,0.999968,0,56.0718,61.7332,-70.546,1
0.444388,-0.895795,-0.00844947,0,0.895827,0.444403,0.000106193,0,0.00365984,-0.00761645,0.999964,0,56.118,61.7999,-70.6319,1
0.440352,-0.897781,-0.0089251,0,0.897818,0.440366,0.000384465,0,0.00358515,-0.0081824,0.99996,0,56.1764,61.864,-70.7047,1
0.436413,-0.899698,-0.00934104,0,0.89974,0.436426,0.000734277,0,0.00341605,-0.00872496,0.999956,0,56.1628,61.888,-70.7225,1
0.429799,-0.902869,-0.0100434,0,0.902919,0.429808,0.00130451,0,0.00313897,-0.0096291,0.999949,0,56.2656,61.9337,-70.7649,1
0.425366,-0.904961,-0.0104698,0,0.905017,0.425372,0.00176479,0,0.0028565,-0.010226,0.999944,0,56.3158,61.9763,-70.803,1
0.421224,-0.906891,-0.0108867,0,0.906953,0.421227,0.00214782,0,0.00263796,-0.0107784,0.999939,0,56.3484,62.0222,-70.8579,1
0.416967,-0.908851,-0.0113391,0,0.908919,0.416966,0.00250714,0,0.00244944,-0.0113517,0.999933,0,56.3837,62.0763,-70.9588,1
0.412247,-0.910995,-0.011886,0,0.911069,0.412243,0.00286012,0,0.00229439,-0.012008,0.999925,0,56.4844,62.0993,-71.009,1
0.407599,-0.913077,-0.0124139,0,0.913158,0.407593,0.00317115,0,0.00216431,-0.0126284,0.999918,0,56.5694,62.1535,-71.0214,1
0.403215,-0.915015,-0.0128785,0,0.915103,0.403205,0.00354118,0,0.00195245,-0.013213,0.999911,0,56.5919,62.2083,-71.0747,1
0.398713,-0.916981,-0.0132245,0,0.917074,0.398695,0.00411638,0,0.0014979,-0.0137691,0.999904,0,56.5743,62.2778,-71.1509,1
0.391647,-0.920007,-0.0141713,0,0.920115,0.391625,0.00440091,0,0.00150099,-0.0147628,0.99989,0,56.7554,62.2895,-71.2113,1
0.386771,-0.92206,-0.0146298,0,0.922175,0.386741,0.0049037,0,0.00113647,-0.0153878,0.999881,0,56.7951,62.3245,-71.3128,1
0.381973,-0.92405,-0.0150997,0,0.924173,0.381936,0.00539663,0,0.000780374,-0.0160161,0.999872,0,56.8033,62.3217,-71.3681,1
0.377471,-0.925889,-0.0156571,0,0.926021,0.377429,0.00565028,0,0.000677943,-0.0166316,0.999861,0,56.829,62.3339,-71.4027,1
0.374005,-0.927289,-0.0160069,0,0.927427,0.373958,0.00594833,0,0.000470094,-0.0170699,0.999854,0,56.8588,62.3847,-71.427,1
0.368871,-0.929334,-0.0165363,0,0.929481,0.368816,0.0064066,0,0.000144973,-0.0177334,0.999843,0,56.9006,62.3936,-71.4945,1
0.364951,-0.930871,-0.0170424,0,0.931027,0.364892,0.0065761,0,9.71556e-05,-0.0182669,0.999833,0,57.0014,62.3941,-71.5155,1
0.357625,-0.933695,-0.017846,0,0.933866,0.357554,0.00710014,0,-0.000248432,-0.0192049,0.999816,0,57.0987,62.4631,-71.6114,1
0.352745,-0.93554,-0.0183366,0,0.935719,0.352665,0.00755799,0,-0.000604145,-0.0198239,0.999803,0,57.1094,62.4863,-71.6898,1
0.347356,-0.937544,-0.0188757,0,0.937733,0.347264,0.00807336,0,-0.00101428,-0.0205047,0.999789,0,57.1715,62.4961,-71.7448,1
0.342164,-0.939437,-0.0195703,0,0.93964,0.342066,0.00824833,0,-0.00105441,-0.0212113,0.999775,0,57.2425,62.4857,-71.7614,1
0.337328,-0.94117,-0.0202159,0,0.941387,0.337226,0.00836961,0,-0.00105987,-0.0218543,0.999761,0,57.27,62.5034,-71.7917,1
0.332021,-0.943045,-0.0206902,0,0.943271,0.331903,0.00898764,0,-0.00160858,-0.0225006,0.999746,0,57.2665,62.4927,-71.8716,1
0.326723,-0.944882,-0.0212393,0,0.945118,0.326592,0.00945021,0,-0.00199272,-0.0231613,0.99973,0,57.2906,62.4613,-71.9379,1
0.32118,-0.946767,-0.0218257,0,0.947015,0.321035,0.00991476,0,-0.00238012,-0.0238537,0.999713,0,57.3664,62.4603,-72.0034,1
0.313114,-0.949444,-0.0227384,0,0.949712,0.312952,0.0104689,0,-0.00282358,-0.0248729,0.999687,0,57.3864,62.4712,-72.0918,1
0.307959,-0.951113,-0.0233471,0,0.951395,0.307786,0.0107382,0,-0.00302735,-0.0255193,0.99967,0,57.4201,62.4968,-72.1237,1
0.30212,-0.952968,-0.0239867,0,0.953264,0.301932,0.0111698,0,-0.00340211,-0.0262402,0.99965,0,57.4757,62.4796,-72.1886,1
0.296511,-0.954715,-0.0245183,0,0.955021,0.296304,0.0117625,0,-0.00396501,-0.0269032,0.99963,0,57.4825,62.4946,-72.319,1
0.291048,-0.956379,-0.0251193,0,0.956699,0.290825,0.0121858,0,-0.00434891,-0.0275782,0.99961,0,57.4958,62.4708,-72.339,1
0.285649,-0.957986,-0.0258313,0,0.958324,0.285417,0.0123119,0,-0.00442189,-0.0282716,0.999591,0,57.5447,62.4395,-72.346,1
0.279516,-0.959773,-0.0265963,0,0.96013,0.279271,0.0126115,0,-0.00467662,-0.029061,0.999567,0,57.6289,62.3679,-72.3827,1
0.271253,-0.962116,-0.0274719,0,0.962494,0.27098,0.0132688,0,-0.0053218,-0.0300407,0.999535,0,57.6188,62.3358,-72.4473,1
0.2655,-0.963704,-0.0280193,0,0.964093,0.265204,0.0138682,0,-0.00593396,-0.0306952,0.999511,0,57.5963,62.3228,-72.5451,1
0.261007,-0.964915,-0.0285324,0,0.965317,0.260696,0.0141784,0,-0.00624263,-0.0312435,0.999492,0,57.6295,62.3129,-72.6003,1
0.256619,-0.966076,-0.0290616,0,0.966491,0.256297,0.0143727,0,-0.00643674,-0.0317761,0.999474,0,57.687,62.2952,-72.6338,1
0.250676,-0.967614,-0.0297602,0,0.968048,0.250336,0.0146991,0,-0.00677296,-0.032494,0.999449,0,57.7164,62.2515,-72.6409,1
0.245049,-0.969033,-0.0304455,0,0.969485,0.244693,0.0149849,0,-0.00707103,-0.0331885,0.999424,0,57.7362,62.2347,-72.6946,1
0.239351,-0.970438,-0.0309979,0,0.970903,0.238968,0.0155817,0,-0.00771353,-0.0338254,0.999398,0,57.6782,62.2124,-72.7833,1
0.230363,-0.972577,-0.0320553,0,0.97307,0.22995,0.0160821,0,-0.00827,-0.0348968,0.999357,0,57.7568,62.098,-72.9064,1
0.224847,-0.973844,-0.0327464,0,0.974357,0.224416,0.0163426,0,-0.00856636,-0.0355813,0.99933,0,57.7175,62.0323,-72.9497,1
0.219274,-0.975091,-0.0334273,0,0.975623,0.218826,0.0165765,0,-0.00884887,-0.0362472,0.999304,0,57.7247,61.9785,-72.9658,1
0.213089,-0.976437,-0.0341149,0,0.976988,0.212613,0.0170657,0,-0.00941033,-0.0369663,0.999272,0,57.7606,61.9215,-73.012,1
0.207624,-0.977593,-0.0347044,0,0.978159,0.207123,0.0175005,0,-0.00992025,-0.0375799,0.999245,0,57.7065,61.8674,-73.0823,1
0.202114,-0.978724,-0.0353556,0,0.979308,0.201593,0.0177782,0,-0.0102725,-0.0382172,0.999217,0,57.7475,61.8334,-73.1721,1
0.196517,-0.979838,-0.0360347,0,0.980443,0.195975,0.0180384,0,-0.0106128,-0.0388748,0.999188,0,57.7681,61.7987,-73.2149,1
0.190775,-0.980949,-0.0366756,0,0.981571,0.190208,0.0184122,0,-0.0110854,-0.0395123,0.999158,0,57.7617,61.7254,-73.2637,1
0.182384,-0.982505,-0.0376868,0,0.983158,0.181782,0.0188533,0,-0.0116727,-0.0404906,0.999112,0,57.7597,61.604,-73.2766,1
0.177133,-0.983439,-0.0383724,0,0.984116,0.176516,0.0189373,0,-0.0118503,-0.0411172,0.999084,0,57.7812,61.5299,-73.3293,1
0.171949,-0.984336,-0.0389459,0,0.985028,0.171305,0.0193516,0,-0.0123769,-0.0416903,0.999054,0,57.7384,61.4937,-73.4177,1
0.166303,-0.98528,-0.0395878,0,0.98599,0.165629,0.0197615,0,-0.0129138,-0.0423195,0.999021,0,57.7173,61.372,-73.4644,1
0.160934,-0.986146,-0.0402012,0,0.986874,0.160231,0.0201675,0,-0.0134466,-0.0429191,0.998988,0,57.6661,61.3032,-73.5257,1
0.155632,-0.98697,-0.04086,0,0.98772,0.154909,0.0203291,0,-0.0137346,-0.0435221,0.998958,0,57.6554,61.2443,-73.5182,1
0.150656,-0.987718,-0.0414338,0,0.988486,0.14991,0.0205738,0,-0.0141098,-0.0440562,0.99893,0,57.6157,61.2063,-73.5841,1
0.143496,-0.988745,-0.0423405,0,0.989545,0.142721,0.0207929,0,-0.014516,-0.0448815,0.998887,0,57.7346,61.0999,-73.6152,1
0.139644,-0.989277,-0.0427839,0,0.99009,0.138847,0.0210681,0,-0.0149018,-0.0453019,0.998862,0,57.6834,61.0341,-73.668,1
0.134758,-0.989931,-0.0433257,0,0.990758,0.133932,0.0214514,0,-0.0154327,-0.045816,0.998831,0,57.6161,61.0039,-73.7426,1
0.129636,-0.990589,-0.0439054,0,0.991433,0.128778,0.0218496,0,-0.0159899,-0.0463618,0.998797,0,57.5505,60.9043,-73.7711,1
0.124308,-0.991238,-0.0446596,0,0.992113,0.123435,0.0218102,0,-0.0161065,-0.0470185,0.998764,0,57.5823,60.7667,-73.7884,1
0.119401,-0.991817,-0.0452,0,0.992707,0.118497,0.0221893,0,-0.0166516,-0.0475197,0.998732,0,57.4863,60.6905,-73.8775,1
0.11434,-0.992384,-0.0458419,0,0.993295,0.113407,0.0224667,0,-0.0170967,-0.0481033,0.998696,0,57.4538,60.5642,-73.9049,1
0.106968,-0.993165,-0.0467033,0,0.994103,0.105992,0.0228958,0,-0.0177891,-0.048877,0.998646,0,57.4218,60.4642,-73.963,1
0.101936,-0.993669,-0.047235,0,0.99462,0.100924,0.0233489,0,-0.018434,-0.049361,0.998611,0,57.3704,60.4061,-74.023,1
0.0970072,-0.99413,-0.0479121,0,0.99511,0.0959779,0.0233402,0,-0.0186047,-0.0499419,0.998579,0,57.4033,60.3206,-74.0506,1
0.0920692,-0.994571,-0.0485051,0,0.995571,0.0910134,0.0235453,0,-0.0190028,-0.0504581,0.998546,0,57.3575,60.2476,-74.081,1
0.0872357,-0.994976,-0.0491177,0,0.996,0.0861557,0.0236973,0,-0.0193464,-0.0509884,0.998512,0,57.3542,60.1608,-74.0928,1
0.0825795,-0.995347,-0.0496502,0,0.996388,0.0814701,0.0239689,0,-0.0198123,-0.0514501,0.998479,0,57.288,60.0979,-74.1514,1
0.0776801,-0.995711,-0.0502627,0,0.996772,0.0765386,0.0242505,0,-0.0202994,-0.0519842,0.998442,0,57.2559,59.9654,-74.2045,1
0.072866,-0.996047,-0.0508134,0,0.997122,0.0716858,0.0246751,0,-0.0209349,-0.0524651,0.998404,0,57.2052,59.876,-74.2603,1
0.0662816,-0.996461,-0.0516942,0,0.997575,0.0650757,0.0246742,0,-0.0212228,-0.0532043,0.998358,0,57.1522,59.7206,-74.3111,1
0.0617637,-0.996723,-0.0522433,0,0.997855,0.0605277,0.0249205,0,-0.0216766,-0.0536704,0.998324,0,57.0824,59.6309,-74.3499,1
0.0569115,-0.99698,-0.0528486,0,0.998135,0.0556456,0.0251247,0,-0.0221079,-0.0541799,0.998287,0,57.0633,59.5173,-74.3475,1
0.0522509,-0.997204,-0.0534261,0,0.998379,0.0509537,0.0253606,0,-0.0225674,-0.0546646,0.99825,0,57.0241,59.4193,-74.3947,1
0.0477755,-0.9974,-0.0539456,0,0.998589,0.0464393,0.0257564,0,-0.0231842,-0.0551,0.998212,0,56.9241,59.3606,-74.492,1
0.0443858,-0.997535,-0.0543548,0,0.998738,0.0430268,0.0259224,0,-0.0235198,-0.0554367,0.998185,0,56.9028,59.2949,-74.515,1
0.0400124,-0.99769,-0.0549078,0,0.998915,0.0386285,0.0260367,0,-0.0238555,-0.05589,0.998152,0,56.8807,59.2201,-74.5595,1
0.0347724,-0.997847,-0.0556096,0,0.999103,0.0333629,0.0260771,0,-0.0241656,-0.0564665,0.998112,0,56.8341,59.1062,-74.5603,1
0.0302172,-0.997966,-0.0561282,0,0.999237,0.0287693,0.0264257,0,-0.0247572,-0.0568839,0.998074,0,56.7359,58.9986,-74.6135,1
0.0258178,-0.998056,-0.0567367,0,0.999354,0.0243477,0.0264523,0,-0.0250194,-0.057383,0.998039,0,56.7131,58.8683,-74.6186,1
0.0217537,-0.998123,-0.0572482,0,0.999441,0.020256,0.0266131,0,-0.0254035,-0.0577951,0.998005,0,56.6509,58.7775,-74.6364,1
0.0176325,-0.998176,-0.0577401,0,0.99951,0.0161023,0.0268597,0,-0.0258809,-0.0581854,0.99797,0,56.587,58.6826,-74.6767,1
0.0136522,-0.998208,-0.0582574,0,0.999563,0.0120951,0.0269955,0,-0.0262425,-0.0586005,0.997937,0,56.5172,58.5792,-74.7302,1
0.00920629,-0.998226,-0.0588244,0,0.999603,0.00762088,0.0271177,0,-0.0266213,-0.0590507,0.9979,0,56.5047,58.4584,-74.7912,1
0.00285539,-0.998217,-0.0596309,0,0.999627,0.0012303,0.0272729,0,-0.0271509,-0.0596865,0.997848,0,56.4859,58.2918,-74.8187,1
-0.000937393,-0.99819,-0.0601309,0,0.999622,-0.00258805,0.0273781,0,-0.0274842,-0.0600824,0.997815,0,56.4062,58.2067,-74.8197,1
-0.0049161,-0.99815,-0.0605963,0,0.999597,-0.00660043,0.0276248,0,-0.0279736,-0.060436,0.99778,0,56.3273,58.1489,-74.8267,1
-0.00884955,-0.998092,-0.0611026,0,0.999559,-0.0105615,0.0277509,0,-0.0283432,-0.06083,0.997746,0,56.294,58.0836,-74.8295,1
-0.0128285,-0.998017,-0.0616265,0,0.999505,-0.0145697,0.0278877,0,-0.0287303,-0.0612383,0.99771,0,56.2337,57.9591,-74.8809,1
-0.0168194,-0.997923,-0.0621902,0,0.999442,-0.018576,0.0277755,0,-0.028873,-0.0616882,0.997678,0,56.2493,57.8379,-74.9237,1
-0.020705,-0.99782,-0.0626633,0,0.999357,-0.0224917,0.0279439,0,-0.0292923,-0.0620444,0.997643,0,56.1797,57.7586,-74.9545,1
-0.0244204,-0.997707,-0.0631314,0,0.99926,-0.026238,0.0281266,0,-0.0297186,-0.0623978,0.997609,0,56.1175,57.6658,-74.9924,1
-0.0297974,-0.997518,-0.0637939,0,0.999094,-0.0316633,0.0284382,0,-0.0303876,-0.0628887,0.997558,0,55.977,57.5273,-75.0547,1
-0.0333592,-0.997376,-0.0642603,0,0.99897,-0.0352543,0.0285842,0,-0.0307746,-0.0632405,0.997524,0,55.9019,57.423,-75.0538,1
-0.0370698,-0.997213,-0.0647443,0,0.99883,-0.0389887,0.0286278,0,-0.0310723,-0.0636073,0.997491,0,55.8527,57.3143,-75.0396,1
-0.0398421,-0.997083,-0.0650998,0,0.998713,-0.0417833,0.0287335,0,-0.0313698,-0.0638712,0.997465,0,55.7901,57.2224,-75.052,1
-0.0426632,-0.996941,-0.0654894,0,0.998591,-0.0446219,0.0287412,0,-0.0315755,-0.0641709,0.99744,0,55.7731,57.14,-75.079,1
-0.0461001,-0.99676,-0.0659216,0,0.998423,-0.0480916,0.028949,0,-0.0320254,-0.0644831,0.997405,0,55.6789,57.0589,-75.1684,1
-0.0494076,-0.996574,-0.0663334,0,0.998256,-0.0514217,0.0290042,0,-0.0323158,-0.0647847,0.997376,0,55.6446,56.9925,-75.1757,1
-0.054559,-0.996262,-0.0669798,0,0.997964,-0.0566266,0.0293652,0,-0.0330483,-0.0652412,0.997322,0,55.5378,56.8562,-75.2284,1
-0.0579784,-0.996037,-0.0674476,0,0.997756,-0.0600791,0.0295428,0,-0.0334779,-0.0655835,0.997285,0,55.4242,56.7445,-75.3002,1
-0.0616027,-0.99579,-0.0678775,0,0.997522,-0.06374,0.029783,0,-0.0339841,-0.0658745,0.997249,0,55.3662,56.6692,-75.341,1
-0.064869,-0.995553,-0.0683166,0,0.997306,-0.0670287,0.0298066,0,-0.0342532,-0.066199,0.997218,0,55.3195,56.5844,-75.3331,1
-0.0680674,-0.995309,-0.0687605,0,0.997086,-0.0702442,0.0297493,0,-0.0344398,-0.0665351,0.99719,0,55.2875,56.5016,-75.2697,1
-0.0712272,-0.995061,-0.0691383,0,0.996854,-0.0734286,0.0298354,0,-0.0347647,-0.0667957,0.997161,0,55.2438,56.4344,-75.3116,1
-0.0744508,-0.994793,-0.069602,0,0.996609,-0.0766756,0.0298553,0,-0.0350366,-0.0671432,0.997128,0,55.1828,56.3267,-75.3325,1
-0.0775281,-0.994529,-0.070011,0,0.996361,-0.0797823,0.0299921,0,-0.0354136,-0.067431,0.997095,0,55.118,56.2343,-75.4027,1
-0.0822854,-0.994103,-0.0706293,0,0.995958,-0.0845857,0.0302133,0,-0.0360094,-0.0678577,0.997045,0,55.0255,56.0735,-75.4492,1
-0.0854333,-0.99381,-0.0710194,0,0.995678,-0.0877651,0.0303822,0,-0.0364271,-0.0681167,0.997012,0,54.9601,55.9699,-75.4804,1
-0.0881926,-0.993542,-0.0713902,0,0.995426,-0.0905491,0.0304673,0,-0.0367349,-0.0683767,0.996983,0,54.8637,55.8974,-75.4954,1
-0.0911241,-0.99325,-0.0717666,0,0.995147,-0.0935114,0.0306316,0,-0.0371358,-0.068627,0.996951,0,54.7872,55.8297,-75.5096,1
-0.0940636,-0.992946,-0.0721833,0,0.994865,-0.0964707,0.0306117,0,-0.0373593,-0.0689331,0.996922,0,54.7267,55.7271,-75.535,1
-0.0969889,-0.992636,-0.0725805,0,0.994574,-0.0994189,0.0306428,0,-0.037633,-0.0692146,0.996892,0,54.6755,55.6186,-75.5517,1
-0.0995713,-0.992355,-0.072926,0,0.994315,-0.102011,0.0305259,0,-0.0377317,-0.0694719,0.99687,0,54.6326,55.5473,-75.5633,1
-0.103725,-0.991887,-0.0734999,0,0.993875,-0.106198,0.0305665,0,-0.0381241,-0.0698792,0.996827,0,54.5549,55.4353,-75.5931,1
-0.105972,-0.991627,-0.0738022,0,0.993632,-0.108458,0.0305221,0,-0.0382709,-0.0700978,0.996806,0,54.5477,55.3681,-75.5854,1
-0.108727,-0.991297,-0.0742311,0,0.993322,-0.111242,0.030621,0,-0.0386121,-0.070406,0.996771,0,54.4827,55.2502,-75.6063,1
-0.110489,-0.991083,-0.0744798,0,0.993117,-0.113024,0.0307157,0,-0.0388598,-0.0705734,0.996749,0,54.4153,55.2224,-75.6408,1
-0.113305,-0.990737,-0.0748538,0,0.992784,-0.115873,0.0308961,0,-0.0392834,-0.0708129,0.996716,0,54.3385,55.1242,-75.7038,1
-0.115809,-0.990423,-0.0751764,0,0.992482,-0.118403,0.0310017,0,-0.0396058,-0.0710209,0.996688,0,54.2683,55.0546,-75.7033,1
-0.118145,-0.990122,-0.0755022,0,0.992195,-0.120763,0.0310831,0,-0.0398939,-0.0712406,0.996661,0,54.2142,55.0123,-75.7456,1
-0.120843,-0.989771,-0.0758363,0,0.991853,-0.123493,0.0312634,0,-0.0403088,-0.0714405,0.99663,0,54.1559,54.9227,-75.7725,1
-0.124421,-0.989291,-0.0763067,0,0.991398,-0.127096,0.0312457,0,-0.0406094,-0.0717627,0.996595,0,54.0778,54.832,-75.7569,1
-0.126914,-0.988946,-0.0766749,0,0.991075,-0.129606,0.0311932,0,-0.0407858,-0.0720316,0.996568,0,54.0508,54.7324,-75.7776,1
-0.129346,-0.988608,-0.0769744,0,0.990747,-0.132063,0.0312962,0,-0.0411051,-0.0722141,0.996542,0,53.9788,54.6396,-75.8179,1
-0.131771,-0.988261,-0.0773155,0,0.990415,-0.134513,0.0313709,0,-0.0414025,-0.0724406,0.996513,0,53.9114,54.5652,-75.8461,1
-0.133871,-0.987956,-0.0776049,0,0.990123,-0.136635,0.0314413,0,-0.0416661,-0.0726293,0.996488,0,53.82,54.5085,-75.8552,1
-0.136155,-0.987625,-0.0778426,0,0.989798,-0.138941,0.0315405,0,-0.0419657,-0.0727541,0.996467,0,53.7816,54.4507,-75.8533,1
-0.138147,-0.987327,-0.0781104,0,0.989517,-0.140945,0.031496,0,-0.0421061,-0.0729405,0.996447,0,53.728,54.375,-75.8342,1
-0.141211,-0.98686,-0.0785383,0,0.989075,-0.144028,0.0314192,0,-0.0423181,-0.0732435,0.996416,0,53.6713,54.268,-75.8576,1
-0.143383,-0.986525,-0.0788081,0,0.988751,-0.146221,0.031483,0,-0.0425821,-0.0734074,0.996393,0,53.6196,54.1695,-75.8747,1
-0.145258,-0.98623,-0.0790661,0,0.98846,-0.148128,0.0316953,0,-0.0429707,-0.0735497,0.996365,0,53.5199,54.1149,-75.9082,1
-0.147344,-0.985898,-0.0793467,0,0.988135,-0.150245,0.0318797,0,-0.0433515,-0.0737079,0.996337,0,53.4288,54.0513,-75.9748,1
-0.149425,-0.985562,-0.0796218,0,0.987808,-0.15235,0.0319992,0,-0.0436676,-0.0738696,0.996312,0,53.377,53.9758,-75.9932,1
-0.151455,-0.985229,-0.0799037,0,0.987492,-0.154395,0.0319595,0,-0.0438241,-0.0740638,0.99629,0,53.3659,53.9151,-76.0198,1
-0.152875,-0.984995,-0.0800916,0,0.987265,-0.15583,0.0320083,0,-0.0440087,-0.0741784,0.996274,0,53.3151,53.8605,-76.0232,1
-0.155158,-0.984612,-0.0804124,0,0.986906,-0.158121,0.0318584,0,-0.0440831,-0.0744163,0.996253,0,53.2989,53.7828,-76.0418,1
-0.157048,-0.984292,-0.0806621,0,0.9866,-0.160024,0.0318255,0,-0.0442335,-0.0745831,0.996233,0,53.3043,53.7389,-76.0501,1
-0.158796,-0.983991,-0.0809071,0,0.986307,-0.161797,0.0319515,0,-0.0445305,-0.0747255,0.99621,0,53.2281,53.6846,-76.034,1
-0.160358,-0.983719,-0.081132,0,0.986049,-0.163369,0.0318981,0,-0.0446332,-0.074885,0.996193,0,53.171,53.6275,-76.0272,1
-0.162176,-0.983402,-0.081359,0,0.985744,-0.165202,0.0319064,0,-0.0448175,-0.0750246,0.996174,0,53.132,53.5812,-76.0201,1
-0.163616,-0.983148,-0.0815434,0,0.985497,-0.166658,0.0319657,0,-0.0450169,-0.0751306,0.996157,0,53.0475,53.5544,-76.0318,1
-0.165516,-0.982807,-0.0818238,0,0.985167,-0.16858,0.0320342,0,-0.0452772,-0.075308,0.996132,0,53.0183,53.4689,-76.0237,1
-0.166848,-0.982567,-0.0819985,0,0.984933,-0.169929,0.0321098,0,-0.045484,-0.0754056,0.996115,0,52.9597,53.4529,-76.0634,1
-0.169159,-0.982144,-0.0823344,0,0.984529,-0.17226,0.0320858,0,-0.0456958,-0.075633,0.996088,0,52.9155,53.3365,-76.0968,1
-0.170515,-0.981897,-0.0824775,0,0.984283,-0.173635,0.032207,0,-0.0459449,-0.0756894,0.996073,0,52.8582,53.3271,-76.1122,1
-0.171997,-0.981618,-0.0827293,0,0.98402,-0.17513,0.0321783,0,-0.0460751,-0.0758727,0.996053,0,52.847,53.2453,-76.1136,1
-0.173553,-0.981328,-0.0829132,0,0.983736,-0.176703,0.0322373,0,-0.0462864,-0.0759698,0.996035,0,52.8188,53.1796,-76.1216,1
-0.174644,-0.981122,-0.0830605,0,0.983538,-0.177804,0.0322419,0,-0.0464016,-0.0760622,0.996023,0,52.7621,53.1559,-76.135,1
-0.176139,-0.980838,-0.0832596,0,0.983262,-0.179314,0.0322782,0,-0.0465893,-0.0761806,0.996005,0,52.7397,53.1224,-76.157,1
-0.177332,-0.980607,-0.083453,0,0.983036,-0.180528,0.032399,0,-0.0468363,-0.0762919,0.995985,0,52.6781,53.0729,-76.1917,1
-0.179107,-0.980265,-0.0836754,0,0.982705,-0.18232,0.0324158,0,-0.0470317,-0.0764223,0.995966,0,52.6472,53.0269,-76.2144,1
-0.180407,-0.98001,-0.0838758,0,0.982463,-0.183628,0.0323642,0,-0.0471191,-0.0765662,0.995951,0,52.6177,52.9626,-76.1924,1
-0.181326,-0.979831,-0.0839766,0,0.982283,-0.184566,0.0325025,0,-0.0473461,-0.0765952,0.995938,0,52.5568,52.9458,-76.263,1
-0.181969,-0.979704,-0.0840684,0,0.982157,-0.185221,0.0325807,0,-0.0474907,-0.0766396,0.995927,0,52.4983,52.9226,-76.2686,1
-0.18323,-0.979454,-0.0842415,0,0.981922,-0.186484,0.0324631,0,-0.0475058,-0.0767703,0.995917,0,52.5025,52.8707,-76.2638,1
-0.183984,-0.979303,-0.0843522,0,0.981778,-0.187243,0.0324367,0,-0.0475596,-0.0768474,0.995908,0,52.4928,52.8456,-76.2513,1
-0.184815,-0.979136,-0.0844795,0,0.981617,-0.188083,0.0324446,0,-0.0476568,-0.0769302,0.995897,0,52.451,52.806,-76.2645,1
-0.18611,-0.978874,-0.0846736,0,0.981366,-0.189389,0.0324317,0,-0.0477828,-0.07706,0.995881,0,52.4254,52.7894,-76.2676,1
-0.187322,-0.97863,-0.0848176,0,0.981133,-0.190606,0.0323638,0,-0.047839,-0.0771549,0.995871,0,52.4467,52.7287,-76.2841,1
-0.18801,-0.978488,-0.0849291,0,0.980995,-0.191307,0.0324322,0,-0.047982,-0.0772174,0.995859,0,52.3924,52.6865,-76.2615,1
-0.188727,-0.978344,-0.0850076,0,0.980851,-0.192033,0.0324787,0,-0.0480995,-0.0772502,0.995851,0,52.3589,52.6779,-76.2562,1
-0.189364,-0.978211,-0.0851164,0,0.980727,-0.192673,0.0324323,0,-0.0481252,-0.0773344,0.995843,0,52.3274,52.6426,-76.2571,1
-0.190003,-0.97808,-0.0851947,0,0.980594,-0.193327,0.0325547,0,-0.0483115,-0.0773559,0.995833,0,52.2954,52.6338,-76.2811,1
-0.190969,-0.97788,-0.0853293,0,0.980405,-0.194296,0.0324745,0,-0.0483353,-0.0774557,0.995824,0,52.3,52.5854,-76.2664,1
-0.191618,-0.977746,-0.085412,0,0.980276,-0.19495,0.032457,0,-0.0483857,-0.077508,0.995817,0,52.2983,52.5823,-76.284,1
-0.192394,-0.977586,-0.0855061,0,0.98012,-0.195733,0.0324695,0,-0.0484781,-0.0775593,0.995809,0,52.2655,52.5729,-76.2507,1
-0.19274,-0.977512,-0.0855686,0,0.98005,-0.196082,0.0324571,0,-0.0485057,-0.0776057,0.995804,0,52.2302,52.5435,-76.2443,1
-0.19317,-0.977424,-0.0856024,0,0.979963,-0.196515,0.032471,0,-0.04856,-0.0776148,0.9958,0,52.2343,52.557,-76.2782,1
-0.193841,-0.977282,-0.0857132,0,0.979829,-0.197191,0.0324315,0,-0.0485965,-0.0776977,0.995792,0,52.2218,52.4966,-76.2583,1
-0.194539,-0.977133,-0.0858297,0,0.979684,-0.1979,0.0324795,0,-0.0487224,-0.0777674,0.99578,0,52.2244,52.4601,-76.2647,1
-0.194869,-0.977065,-0.0858528,0,0.979619,-0.198229,0.0324415,0,-0.048716,-0.0777812,0.99578,0,52.2247,52.4361,-76.2869,1
-0.195156,-0.977001,-0.085922,0,0.979562,-0.198517,0.0324046,0,-0.0487164,-0.077842,0.995775,0,52.2078,52.4375,-76.2701,1
-0.195383,-0.976956,-0.0859293,0,0.979511,-0.198753,0.0325044,0,-0.0488341,-0.0778179,0.995771,0,52.1807,52.4644,-76.2966,1
-0.195633,-0.976904,-0.085943,0,0.979455,-0.199012,0.0325988,0,-0.0489496,-0.0777999,0.995767,0,52.158,52.4516,-76.2896,1
-0.195776,-0.97687,-0.0860034,0,0.979424,-0.19916,0.0326153,0,-0.0489892,-0.0778485,0.995761,0,52.1521,52.4522,-76.3236,1
-0.195854,-0.976858,-0.0859682,0,0.979409,-0.199235,0.0326084,0,-0.0489816,-0.0778116,0.995764,0,52.1383,52.4644,-76.2897,1
-0.196094,-0.976806,-0.0860092,0,0.979359,-0.199479,0.0326219,0,-0.0490222,-0.0778369,0.99576,0,52.1456,52.4562,-76.3015,1
-0.196089,-0.976806,-0.0860266,0,0.979367,-0.199464,0.0324853,0,-0.048891,-0.0778815,0.995763,0,52.151,52.4423,-76.3233,1
-0.196257,-0.97677,-0.0860502,0,0.979337,-0.199627,0.0323908,0,-0.0488163,-0.0779152,0.995764,0,52.1775,52.4509,-76.3027,1
-0.196208,-0.976781,-0.0860323,0,0.979344,-0.199582,0.0324565,0,-0.0488734,-0.077887,0.995764,0,52.1621,52.4417,-76.3266,1
-0.196234,-0.976775,-0.0860454,0,0.979341,-0.199604,0.0324001,0,-0.0488225,-0.0779098,0.995764,0,52.1562,52.4334,-76.299,1
-0.196208,-0.97677,-0.0861574,0,0.979348,-0.199578,0.0323403,0,-0.0487842,-0.0780327,0.995757,0,52.1645,52.4333,-76.3033,1
-0.196185,-0.976773,-0.0861771,0,0.979348,-0.199565,0.0324429,0,-0.0488872,-0.0780325,0.995752,0,52.1423,52.4246,-76.3125,1
-0.196005,-0.976801,-0.0862734,0,0.979384,-0.199387,0.0324245,0,-0.0488741,-0.0781394,0.995744,0,52.1317,52.4425,-76.2807,1
-0.195711,-0.976854,-0.0863327,0,0.979429,-0.19912,0.0327285,0,-0.0491615,-0.0781514,0.995729,0,52.0599,52.4601,-76.3152,1
-0.195484,-0.976894,-0.0863927,0,0.979471,-0.1989,0.0327926,0,-0.0492183,-0.0782088,0.995721,0,52.0411,52.4752,-76.2801,1
-0.195277,-0.976922,-0.0865437,0,0.979509,-0.198704,0.0328429,0,-0.0492815,-0.0783569,0.995707,0,52.0528,52.4664,-76.2798,1
-0.194608,-0.977038,-0.0867503,0,0.97963,-0.198063,0.033101,0,-0.0495229,-0.0785414,0.99568,0,52.0352,52.4819,-76.2463,1
-0.194167,-0.97711,-0.0869203,0,0.979719,-0.197628,0.0330821,0,-0.0495028,-0.078734,0.995666,0,52.063,52.4936,-76.2182,1
-0.193588,-0.977212,-0.0870697,0,0.979829,-0.197064,0.0331891,0,-0.0495911,-0.0788883,0.995649,0,52.0655,52.4749,-76.2525,1
-0.193174,-0.977276,-0.0872726,0,0.97991,-0.196659,0.0332038,0,-0.0496122,-0.0791052,0.995631,0,52.1095,52.4713,-76.26,1
-0.192679,-0.977349,-0.0875419,0,0.980006,-0.196177,0.0331985,0,-0.0496202,-0.079395,0.995608,0,52.1195,52.4371,-76.2455,1
-0.192046,-0.977448,-0.0878264,0,0.98012,-0.195574,0.0334207,0,-0.0498435,-0.0796621,0.995575,0,52.0971,52.3934,-76.2632,1
-0.191421,-0.977545,-0.0881198,0,0.980237,-0.194969,0.0335169,0,-0.0499449,-0.0799624,0.995546,0,52.0967,52.3686,-76.279,1
-0.190817,-0.977634,-0.0884289,0,0.980349,-0.194387,0.0336048,0,-0.0500426,-0.0802788,0.995516,0,52.0981,52.3216,-76.2378,1
-0.190032,-0.977763,-0.0886999,0,0.980484,-0.193643,0.0339664,0,-0.0503872,-0.0805141,0.995479,0,52.0478,52.3203,-76.2285,1
-0.188935,-0.977956,-0.0889189,0,0.980694,-0.19256,0.0340528,0,-0.0504244,-0.0807684,0.995457,0,52.0149,52.3072,-76.2004,1
-0.1882,-0.978064,-0.0892899,0,0.98083,-0.19185,0.0341515,0,-0.0505325,-0.0811509,0.99542,0,52.0236,52.2683,-76.1986,1
-0.187402,-0.978177,-0.0897278,0,0.980982,-0.191071,0.0341433,0,-0.0505425,-0.0816228,0.995381,0,52.0291,52.246,-76.1837,1
-0.186518,-0.978313,-0.0900871,0,0.981141,-0.190219,0.0343348,0,-0.0507264,-0.081984,0.995342,0,52.0234,52.2348,-76.1711,1
-0.185482,-0.978478,-0.0904266,0,0.981328,-0.189215,0.0345518,0,-0.0509183,-0.0823294,0.995304,0,51.9907,52.2251,-76.1226,1
-0.184244,-0.978679,-0.0907842,0,0.981562,-0.187993,0.0345629,0,-0.0508927,-0.0827423,0.995271,0,51.9985,52.2113,-76.0799,1
-0.182879,-0.978875,-0.0914268,0,0.981805,-0.186677,0.0348035,0,-0.0511355,-0.0833984,0.995204,0,52.0121,52.1542,-76.058,1
-0.181843,-0.979017,-0.0919689,0,0.981995,-0.185669,0.0348395,0,-0.0511842,-0.0839777,0.995152,0,52.0169,52.1024,-76,1
-0.180413,-0.979252,-0.0922846,0,0.982234,-0.184297,0.0353842,0,-0.0516578,-0.0842612,0.995104,0,51.9419,52.1027,-75.9909,1
-0.179219,-0.979426,-0.0927673,0,0.982451,-0.183128,0.0354307,0,-0.05169,-0.0847895,0.995057,0,51.959,52.0563,-75.97,1
-0.178087,-0.979581,-0.0933074,0,0.982648,-0.182035,0.035593,0,-0.0518514,-0.0853496,0.995001,0,51.9594,52.0123,-75.9687,1
-0.176591,-0.979811,-0.0937305,0,0.982895,-0.180598,0.0360813,0,-0.0522804,-0.0857556,0.994944,0,51.8999,52.0083,-75.9888,1
-0.175025,-0.98005,-0.0941694,0,0.983163,-0.179076,0.0363729,0,-0.0525107,-0.0862177,0.994892,0,51.8281,51.9694,-75.9659,1
-0.173042,-0.980329,-0.0949345,0,0.983493,-0.177164,0.0368014,0,-0.0528965,-0.0869992,0.994803,0,51.8075,51.8854,-75.9852,1
-0.171393,-0.980569,-0.095442,0,0.983765,-0.17557,0.0371748,0,-0.0532092,-0.087521,0.994741,0,51.766,51.898,-75.9291,1
-0.170072,-0.980744,-0.0960033,0,0.983985,-0.174291,0.0373611,0,-0.0533742,-0.0881118,0.99468,0,51.779,51.845,-75.8877,1
-0.168416,-0.980973,-0.0965859,0,0.984265,-0.172674,0.0374985,0,-0.0534628,-0.0887508,0.994618,0,51.7748,51.8019,-75.8188,1
-0.166917,-0.981193,-0.0969559,0,0.984509,-0.171214,0.0377788,0,-0.0536685,-0.089148,0.994572,0,51.7189,51.8091,-75.7705,1
-0.165475,-0.981377,-0.0975611,0,0.984743,-0.169818,0.0379818,0,-0.0538422,-0.0897876,0.994505,0,51.7115,51.7514,-75.732,1
-0.164314,-0.981528,-0.0979976,0,0.984922,-0.168706,0.0383042,0,-0.0541295,-0.090226,0.994449,0,51.7042,51.7319,-75.7373,1
-0.161667,-0.981868,-0.0989958,0,0.985335,-0.166153,0.0388302,0,-0.0545745,-0.0912665,0.99433,0,51.6236,51.6809,-75.7396,1
-0.159928,-0.982082,-0.099694,0,0.985611,-0.164465,0.0390234,0,-0.0547203,-0.0920186,0.994253,0,51.6304,51.6208,-75.7259,1
-0.15792,-0.982337,-0.100382,0,0.985918,-0.162523,0.0394068,0,-0.0550251,-0.0927449,0.994168,0,51.6074,51.6046,-75.7303,1
-0.156212,-0.982534,-0.101117,0,0.986191,-0.160852,0.0394341,0,-0.0550102,-0.0935608,0.994093,0,51.6668,51.5169,-75.6761,1
-0.154069,-0.982804,-0.101786,0,0.986509,-0.158779,0.0398673,0,-0.0553431,-0.0942703,0.994007,0,51.6054,51.5012,-75.6354,1
-0.152243,-0.983015,-0.102493,0,0.986775,-0.157021,0.0402446,0,-0.0556545,-0.0950103,0.99392,0,51.5936,51.4468,-75.6401,1
-0.15,-0.98329,-0.10316,0,0.987101,-0.154848,0.0406646,0,-0.0559592,-0.0957298,0.993833,0,51.5138,51.4356,-75.6074,1
-0.147981,-0.983529,-0.103792,0,0.987397,-0.152883,0.0409319,0,-0.0561257,-0.0964266,0.993757,0,51.5262,51.3954,-75.6145,1
-0.144755,-0.983909,-0.104735,0,0.987846,-0.149763,0.0416031,0,-0.056619,-0.0974394,0.99363,0,51.4804,51.3585,-75.5418,1
-0.142779,-0.984122,-0.105442,0,0.988119,-0.147854,0.0419513,0,-0.0568753,-0.0981999,0.99354,0,51.5156,51.3054,-75.4922,1
-0.14025,-0.984419,-0.106064,0,0.988461,-0.145402,0.0424746,0,-0.0572348,-0.0988831,0.993452,0,51.4456,51.2866,-75.4605,1
-0.138212,-0.984621,-0.106859,0,0.988725,-0.143451,0.0429625,0,-0.0576308,-0.0997165,0.993346,0,51.4244,51.2235,-75.4727,1
-0.135864,-0.984875,-0.107534,0,0.989025,-0.14119,0.0435335,0,-0.0580577,-0.100439,0.993248,0,51.3662,51.186,-75.4536,1
-0.133516,-0.985093,-0.108473,0,0.989336,-0.138913,0.0437916,0,-0.058207,-0.101469,0.993135,0,51.3429,51.0962,-75.4263,1
-0.131067,-0.985327,-0.109327,0,0.989665,-0.136515,0.0438947,0,-0.0581754,-0.102444,0.993036,0,51.3712,51.0283,-75.3905,1
-0.127258,-0.985687,-0.110573,0,0.990149,-0.132808,0.0443414,0,-0.0583917,-0.103841,0.992878,0,51.3319,50.9303,-75.3053,1
-0.12465,-0.98592,-0.111465,0,0.990473,-0.130273,0.0446455,0,-0.0585378,-0.104838,0.992765,0,51.3063,50.8695,-75.2884,1
-0.122506,-0.986126,-0.112021,0,0.990728,-0.128189,0.0449974,0,-0.058733,-0.10547,0.992687,0,51.27,50.8142,-75.2965,1
-0.119848,-0.986371,-0.112738,0,0.991029,-0.125626,0.0456039,0,-0.0591451,-0.106261,0.992578,0,51.219,50.8009,-75.2777,1
-0.117782,-0.986558,-0.113274,0,0.991255,-0.123638,0.0461207,0,-0.0595057,-0.106851,0.992493,0,51.1574,50.7137,-75.3056,1
-0.114858,-0.986826,-0.11394,0,0.991567,-0.120822,0.0468766,0,-0.0600256,-0.107595,0.992381,0,51.0727,50.7224,-75.2549,1
-0.112265,-0.987034,-0.114719,0,0.991858,-0.118295,0.0471627,0,-0.0601219,-0.10849,0.992278,0,51.1021,50.6432,-75.1666,1
-0.108222,-0.987343,-0.115941,0,0.992281,-0.114387,0.0478899,0,-0.0605459,-0.109864,0.992101,0,51.0658,50.5822,-75.1165,1
-0.105139,-0.987572,-0.116823,0,0.992611,-0.111373,0.0481677,0,-0.06058,-0.110896,0.991984,0,51.0567,50.509,-75.1301,1
-0.102489,-0.987736,-0.11779,0,0.992876,-0.108813,0.0485532,0,-0.0607748,-0.111974,0.991851,0,51.0952,50.4296,-75.1121,1
-0.0994781,-0.987933,-0.118709,0,0.993176,-0.105882,0.048896,0,-0.0608751,-0.113035,0.991725,0,51.0783,50.3572,-75.1013,1
-0.096346,-0.988141,-0.119563,0,0.993475,-0.102833,0.0493163,0,-0.0610264,-0.114031,0.991601,0,51.0522,50.3363,-75.11,1
-0.0931238,-0.98836,-0.120304,0,0.993761,-0.0997139,0.0499592,0,-0.0613736,-0.114901,0.991479,0,50.9593,50.3007,-75.0663,1
-0.0902666,-0.98852,-0.121163,0,0.994016,-0.0969398,0.0503487,0,-0.0615162,-0.115893,0.991355,0,50.9855,50.2421,-74.9842,1
-0.0868119,-0.988744,-0.12186,0,0.994302,-0.0935894,0.0510313,0,-0.0618617,-0.116736,0.991235,0,50.9233,50.1973,-74.9746,1
-0.082115,-0.989001,-0.123022,0,0.994666,-0.0890595,0.0520457,0,-0.0624295,-0.118092,0.991038,0,50.853,50.1156,-74.996,1
-0.0788311,-0.989167,-0.123832,0,0.994923,-0.0858622,0.0524999,0,-0.0625636,-0.119064,0.990914,0,50.8542,50.0994,-74.9677,1
-0.0753958,-0.989328,-0.124682,0,0.995178,-0.0825238,0.0530217,0,-0.0627451,-0.120083,0.990779,0,50.7954,50.0037,-74.9265,1
-0.0721289,-0.989436,-0.125758,0,0.995423,-0.0793377,0.0532829,0,-0.0626972,-0.121339,0.990629,0,50.7953,49.8976,-74.8837,1
-0.0684807,-0.989585,-0.126621,0,0.995681,-0.0757678,0.0536535,0,-0.0626884,-0.1224,0.990499,0,50.7602,49.8301,-74.9413,1
-0.0649201,-0.989709,-0.127525,0,0.995917,-0.0722942,0.0540681,0,-0.062731,-0.123495,0.990361,0,50.7491,49.7621,-74.922,1
-0.061204,-0.989841,-0.12833,0,0.996138,-0.0686838,0.0546889,0,-0.0629474,-0.124487,0.990223,0,50.7038,49.7179,-74.9129,1
-0.0568482,-0.989983,-0.129235,0,0.996371,-0.0644693,0.0555695,0,-0.0633445,-0.125607,0.990056,0,50.6437,49.6317,-74.8587,1
-0.0543898,-0.990053,-0.129758,0,0.996487,-0.0621075,0.0561895,0,-0.0636895,-0.126246,0.989952,0,50.5874,49.5846,-74.8316,1
-0.0507882,-0.990143,-0.130531,0,0.996673,-0.0585923,0.0566569,0,-0.0637465,-0.127219,0.989824,0,50.6082,49.5242,-74.8216,1
-0.0471018,-0.990217,-0.131347,0,0.996848,-0.0550006,0.0571697,0,-0.0638345,-0.128241,0.989687,0,50.6061,49.4661,-74.8323,1
-0.0430708,-0.990276,-0.132282,0,0.997042,-0.051042,0.0574693,0,-0.0636624,-0.129415,0.989545,0,50.6016,49.3867,-74.8499,1
-0.0391939,-0.990325,-0.133118,0,0.997197,-0.0472629,0.0580056,0,-0.063736,-0.130471,0.989401,0,50.555,49.3495,-74.8084,1
-0.0351527,-0.990363,-0.133964,0,0.997346,-0.043316,0.0585167,0,-0.0637555,-0.131552,0.989257,0,50.5363,49.3165,-74.7596,1
-0.0313876,-0.990387,-0.13472,0,0.997454,-0.0396736,0.0592672,0,-0.0640422,-0.132516,0.98911,0,50.5131,49.2461,-74.7689,1
-0.0255447,-0.990426,-0.135666,0,0.997601,-0.0339901,0.0603047,0,-0.0643386,-0.1338,0.988918,0,50.4807,49.1756,-74.8505,1
-0.0216315,-0.990409,-0.136463,0,0.9977,-0.0301549,0.0607049,0,-0.0642377,-0.134836,0.988784,0,50.4996,49.0734,-74.8027,1
-0.0176503,-0.990373,-0.137294,0,0.99778,-0.0262661,0.0611974,0,-0.0642145,-0.135909,0.988638,0,50.4633,48.9949,-74.793,1
-0.0134186,-0.990319,-0.138164,0,0.997846,-0.0221372,0.0617601,0,-0.0642207,-0.137037,0.988482,0,50.4063,48.917,-74.8564,1
-0.00909383,-0.990258,-0.13895,0,0.997895,-0.0179103,0.0623327,0,-0.064214,-0.13809,0.988336,0,50.3818,48.8425,-74.8666,1
-0.00473274,-0.99019,-0.139652,0,0.997925,-0.0136457,0.062934,0,-0.0642222,-0.139064,0.988199,0,50.33,48.7763,-74.8687,1
-0.000554314,-0.990105,-0.14033,0,0.997941,-0.00954748,0.0634207,0,-0.0641329,-0.140006,0.988072,0,50.3227,48.7015,-74.8433,1
0.00575971,-0.98996,-0.141232,0,0.997904,-0.00341335,0.0646215,0,-0.0644547,-0.141308,0.987865,0,50.265,48.6321,-74.9063,1
0.0102125,-0.989835,-0.141852,0,0.997876,0.000961357,0.0651315,0,-0.064333,-0.142216,0.987743,0,50.2605,48.5825,-74.9453,1
0.0146806,-0.989675,-0.142579,0,0.997828,0.00534192,0.0656616,0,-0.0642219,-0.143233,0.987603,0,50.2095,48.5323,-74.9614,1
0.0192209,-0.989487,-0.143342,0,0.997761,0.00979782,0.0661571,0,-0.0640572,-0.144292,0.98746,0,50.1881,48.4708,-74.9401,1
0.0235527,-0.989278,-0.144134,0,0.997674,0.0140327,0.0667135,0,-0.0639756,-0.14537,0.987307,0,50.2085,48.3882,-74.9712,1
0.0279716,-0.989068,-0.144788,0,0.99757,0.0183744,0.067202,0,-0.0638068,-0.146316,0.987178,0,50.2325,48.3335,-75.0087,1
0.0312643,-0.988918,-0.145138,0,0.997475,0.0216065,0.0676485,0,-0.0637628,-0.146886,0.987096,0,50.2416,48.2761,-75.0146,1
0.0346168,-0.98874,-0.145587,0,0.997377,0.0249115,0.0679665,0,-0.0635743,-0.147558,0.987008,0,50.2681,48.2279,-75.02,1
0.042029,-0.988359,-0.146221,0,0.997082,0.0321565,0.0692381,0,-0.0637301,-0.148704,0.986826,0,50.0939,48.1514,-75.105,1
0.046953,-0.988038,-0.14689,0,0.996875,0.0369961,0.069799,0,-0.0635297,-0.149708,0.986687,0,50.0606,48.0461,-75.1171,1
0.0515847,-0.987693,-0.147652,0,0.996679,0.0415888,0.0700058,0,-0.0630036,-0.150773,0.986559,0,50.0935,47.9625,-75.1391,1
0.0562274,-0.987345,-0.148286,0,0.996454,0.0461826,0.0703358,0,-0.0625974,-0.151715,0.98644,0,50.1178,47.8625,-75.185,1
0.0608139,-0.98701,-0.148707,0,0.996197,0.0507042,0.0708576,0,-0.062397,-0.152451,0.98634,0,50.1874,47.8151,-75.2373,1
0.0657658,-0.986646,-0.149011,0,0.99588,0.0555571,0.0716682,0,-0.0624325,-0.153111,0.986235,0,50.1232,47.8011,-75.3263,1
0.0708713,-0.986235,-0.149395,0,0.995541,0.0605887,0.0722954,0,-0.0622485,-0.153853,0.986131,0,50.0636,47.7899,-75.3206,1
0.0782548,-0.985536,-0.15032,0,0.995027,0.0678905,0.0728915,0,-0.0616319,-0.155277,0.985947,0,50.107,47.6837,-75.4465,1
0.0833017,-0.985068,-0.150675,0,0.994621,0.072844,0.0736499,0,-0.0615743,-0.156,0.985836,0,50.0437,47.6126,-75.5281,1
0.0883621,-0.984581,-0.150976,0,0.994213,0.0778809,0.0739902,0,-0.0610911,-0.15664,0.985765,0,50.08,47.5298,-75.5258,1
0.0935585,-0.984074,-0.151146,0,0.993746,0.083005,0.0746975,0,-0.060962,-0.157189,0.985685,0,50.0248,47.486,-75.5865,1
0.0988908,-0.983517,-0.151375,0,0.993236,0.0882547,0.0754538,0,-0.0608505,-0.157813,0.985593,0,49.9611,47.4285,-75.6979,1
0.103873,-0.982911,-0.151976,0,0.992775,0.0932364,0.0755315,0,-0.060071,-0.158724,0.985494,0,50.0395,47.3261,-75.6884,1
0.108972,-0.982275,-0.152515,0,0.992272,0.0983292,0.0756887,0,-0.0593506,-0.159584,0.985399,0,50.1007,47.2586,-75.7629,1
0.116801,-0.981328,-0.152817,0,0.991419,0.106112,0.0763484,0,-0.0587071,-0.160423,0.985301,0,50.1389,47.2126,-75.9299,1
0.122435,-0.980675,-0.152598,0,0.990734,0.111659,0.0773193,0,-0.0587861,-0.160651,0.985259,0,50.0181,47.2542,-76.0281,1
0.127698,-0.979985,-0.152721,0,0.990082,0.116861,0.0779825,0,-0.0585745,-0.161165,0.985188,0,50.0017,47.184,-76.0877,1
0.132924,-0.979223,-0.153149,0,0.989439,0.12209,0.0781341,0,-0.0578127,-0.161918,0.985109,0,50.081,47.0924,-76.2081,1
0.136913,-0.978616,-0.153514,0,0.988933,0.126092,0.0781812,0,-0.0571523,-0.162519,0.985049,0,50.1056,47.0027,-76.2874,1
0.14105,-0.978005,-0.153659,0,0.988387,0.13025,0.0782682,0,-0.0565325,-0.162914,0.985019,0,50.1443,46.9533,-76.3369,1
0.146598,-0.977212,-0.15351,0,0.987584,0.135729,0.0790914,0,-0.0564533,-0.163198,0.984977,0,50.0347,46.9138,-76.471,1
0.152415,-0.976364,-0.153243,0,0.986714,0.141501,0.0798308,0,-0.0562597,-0.163375,0.984959,0,49.9728,46.9017,-76.6312,1
0.16052,-0.97501,-0.153589,0,0.985505,0.149666,0.079871,0,-0.0548878,-0.164184,0.984902,0,50.1115,46.8022,-76.7093,1
0.166081,-0.974057,-0.153724,0,0.98463,0.155259,0.0799931,0,-0.0540508,-0.164646,0.984871,0,50.2052,46.7398,-76.8257,1
0.17161,-0.97312,-0.153586,0,0.983707,0.160781,0.0804405,0,-0.0535844,-0.164888,0.984856,0,50.2094,46.7314,-76.9686,1
0.177442,-0.972129,-0.153233,0,0.982694,0.166609,0.080962,0,-0.0531754,-0.164947,0.984868,0,50.1685,46.7255,-77.0726,1
0.182879,-0.971127,-0.153193,0,0.981728,0.17205,0.0813009,0,-0.0525966,-0.165262,0.984846,0,50.2205,46.6614,-77.2049,1
0.188331,-0.970048,-0.153426,0,0.980754,0.177567,0.0811949,0,-0.0515195,-0.165764,0.984819,0,50.3214,46.5509,-77.3311,1
0.194366,-0.968857,-0.153424,0,0.979641,0.183708,0.080961,0,-0.0502544,-0.166036,0.984839,0,50.3512,46.4945,-77.4431,1
0.203004,-0.967224,-0.152534,0,0.977898,0.192302,0.0820653,0,-0.0500428,-0.165823,0.984885,0,50.2264,46.519,-77.7036,1
0.20823,-0.966155,-0.152265,0,0.97683,0.197561,0.0822946,0,-0.0494277,-0.165873,0.984908,0,50.2909,46.4655,-77.8194,1
0.213365,-0.965027,-0.152308,0,0.975773,0.202773,0.0821653,0,-0.0484078,-0.166149,0.984912,0,50.3949,46.3927,-77.9669,1
0.218945,-0.96382,-0.152037,0,0.974582,0.208434,0.0821316,0,-0.0474703,-0.166155,0.984957,0,50.4712,46.3964,-78.1551,1
0.224318,-0.962655,-0.15158,0,0.973379,0.21382,0.0825444,0,-0.0470509,-0.166061,0.984993,0,50.4344,46.4032,-78.2976,1
0.229578,-0.961484,-0.151137,0,0.972188,0.219148,0.0826144,0,-0.0463111,-0.1659,0.985055,0,50.499,46.3823,-78.4328,1
0.234829,-0.960291,-0.150655,0,0.970963,0.224453,0.0827735,0,-0.0456716,-0.165718,0.985115,0,50.5173,46.3275,-78.6039,1
0.242536,-0.958421,-0.150353,0,0.969144,0.23233,0.0823572,0,-0.0440014,-0.165688,0.985196,0,50.6514,46.2462,-78.7786,1
0.246371,-0.957493,-0.15003,0,0.968198,0.236206,0.0824542,0,-0.0435111,-0.165574,0.985237,0,50.6486,46.2353,-78.9482,1
0.251606,-0.956244,-0.149305,0,0.966869,0.241473,0.0828017,0,-0.0431254,-0.165192,0.985318,0,50.6051,46.2325,-79.1714,1
0.25514,-0.95536,-0.148965,0,0.965966,0.245065,0.0827777,0,-0.0425763,-0.165015,0.985372,0,50.6651,46.2056,-79.275,1
0.259871,-0.954159,-0.148488,0,0.964735,0.249871,0.0827706,0,-0.0418735,-0.164761,0.985444,0,50.7421,46.173,-79.3904,1
0.264728,-0.95289,-0.148057,0,0.963454,0.254835,0.0825608,0,-0.0409412,-0.164503,0.985527,0,50.8234,46.1656,-79.5799,1
0.269608,-0.951592,-0.147599,0,0.962133,0.2598,0.0824898,0,-0.0401503,-0.16425,0.985601,0,50.8443,46.1722,-79.7615,1
0.274603,-0.950242,-0.147082,0,0.960756,0.264898,0.0823266,0,-0.0392685,-0.163917,0.985693,0,50.8345,46.1598,-79.9017,1
0.281313,-0.948416,-0.146188,0,0.958853,0.271735,0.0822237,0,-0.0382579,-0.163303,0.985834,0,50.9879,46.1239,-80.1575,1
0.285607,-0.947202,-0.145728,0,0.957617,0.276136,0.0819725,0,-0.0374039,-0.162963,0.985923,0,51.1163,46.0965,-80.3067,1
0.290333,-0.94587,-0.14504,0,0.956224,0.280964,0.0818267,0,-0.0366465,-0.162447,0.986037,0,51.1434,46.049,-80.4484,1
0.29503,-0.944527,-0.144311,0,0.954809,0.285746,0.0817893,0,-0.036016,-0.16192,0.986147,0,51.1414,46.0598,-80.6479,1
0.299607,-0.943182,-0.143683,0,0.953411,0.29042,0.0816351,0,-0.0352682,-0.161448,0.986251,0,51.1479,46.0688,-80.8882,1
0.3039,-0.941894,-0.143112,0,0.952085,0.294843,0.0812511,0,-0.0343344,-0.160947,0.986366,0,51.2524,46.0379,-80.9856,1
0.308022,-0.940667,-0.142365,0,0.950776,0.299035,0.0812551,0,-0.0338619,-0.160385,0.986474,0,51.2825,46.0482,-81.1788,1
0.314309,-0.938753,-0.141257,0,0.948748,0.305455,0.081083,0,-0.0329691,-0.159503,0.986647,0,51.3712,46.074,-81.4858,1
0.318684,-0.937387,-0.14052,0,0.947315,0.309948,0.0807886,0,-0.0321763,-0.158863,0.986776,0,51.3796,46.0881,-81.6487,1
0.322777,-0.936062,-0.140014,0,0.945962,0.314182,0.0802902,0,-0.0311667,-0.158364,0.986889,0,51.4549,46.0792,-81.8055,1
0.326752,-0.934776,-0.139379,0,0.94462,0.318261,0.0800236,0,-0.0304451,-0.157808,0.987001,0,51.5343,46.049,-82.0051,1
0.330598,-0.933529,-0.138668,0,0.9433,0.322201,0.0798262,0,-0.0298411,-0.157196,0.987117,0,51.626,46.0103,-82.1821,1
0.334628,-0.932211,-0.137865,0,0.9419,0.326349,0.0794994,0,-0.0291181,-0.156458,0.987256,0,51.6473,46.0088,-82.3401,1
0.338697,-0.930884,-0.136895,0,0.940457,0.330498,0.0794441,0,-0.0287098,-0.155651,0.987395,0,51.6411,46.0236,-82.5266,1
0.34364,-0.929218,-0.135887,0,0.938686,0.335567,0.079144,0,-0.0279427,-0.154752,0.987558,0,51.6773,46.0405,-82.7722,1
0.346473,-0.928231,-0.13544,0,0.937665,0.338504,0.0787449,0,-0.0272463,-0.154281,0.987651,0,51.7387,46.0362,-82.9311,1
0.350072,-0.926939,-0.135032,0,0.936361,0.342275,0.0779511,0,-0.0260378,-0.153727,0.98777,0,51.9037,46.014,-83.0377,1
0.353478,-0.925743,-0.134364,0,0.9351,0.345796,0.0775447,0,-0.0253237,-0.153055,0.987893,0,52.0517,46.0277,-83.2015,1
0.357172,-0.924458,-0.133443,0,0.93371,0.349593,0.0772699,0,-0.024782,-0.152196,0.98804,0,52.0954,46.0563,-83.41,1
0.360825,-0.923184,-0.132426,0,0.932313,0.353324,0.0771666,0,-0.0244496,-0.151306,0.988185,0,52.1156,46.0948,-83.6061,1
0.364587,-0.921843,-0.131462,0,0.930862,0.35719,0.0768847,0,-0.0239186,-0.150404,0.988335,0,52.0894,46.1105,-83.7898,1
0.367975,-0.920591,-0.130795,0,0.929546,0.360692,0.0764576,0,-0.0232096,-0.149714,0.988457,0,52.1606,46.1092,-83.9934,1
0.373013,-0.918688,-0.129901,0,0.927567,0.365927,0.0756095,0,-0.0219272,-0.148695,0.98864,0,52.3246,46.0732,-84.2682,1
0.376375,-0.91742,-0.129164,0,0.926224,0.369403,0.075172,0,-0.0212507,-0.147927,0.98877,0,52.3804,46.0479,-84.4594,1
0.379797,-0.916138,-0.12824,0,0.924839,0.372937,0.0747787,0,-0.0206821,-0.147002,0.98892,0,52.4035,46.0495,-84.6041,1
0.383131,-0.914878,-0.127313,0,0.923473,0.376371,0.0744444,0,-0.0201907,-0.146092,0.989065,0,52.4502,46.0618,-84.7652,1
0.386475,-0.913622,-0.126221,0,0.922085,0.379794,0.0742728,0,-0.019919,-0.145091,0.989218,0,52.44,46.1128,-85.0073,1
0.38967,-0.912366,-0.125485,0,0.920755,0.383115,0.0737103,0,-0.0191755,-0.144264,0.989354,0,52.5196,46.1249,-85.2139,1
0.392462,-0.911234,-0.125009,0,0.919584,0.386025,0.0731373,0,-0.0183884,-0.14366,0.989456,0,52.6468,46.1272,-85.3492,1
0.396909,-0.909422,-0.124161,0,0.917701,0.390689,0.0720232,0,-0.0169911,-0.142529,0.989645,0,52.8531,46.1126,-85.5437,1
0.399784,-0.908271,-0.12336,0,0.916461,0.393655,0.0716654,0,-0.0165303,-0.141705,0.989771,0,52.9341,46.1313,-85.7322,1
0.402881,-0.907053,-0.122239,0,0.915107,0.39683,0.0714519,0,-0.0163027,-0.140648,0.989926,0,52.9454,46.1677,-85.9571,1
0.405854,-0.905859,-0.121251,0,0.913799,0.399894,0.0711078,0,-0.0159261,-0.139659,0.990072,0,52.9789,46.2166,-86.0924,1
0.408872,-0.904622,-0.120344,0,0.912463,0.403024,0.0705953,0,-0.0153605,-0.138674,0.990219,0,53.0022,46.2338,-86.2658,1
0.410986,-0.903745,-0.119733,0,0.911519,0.405213,0.0702575,0,-0.0149775,-0.138014,0.990317,0,53.0265,46.2475,-86.4093,1
0.412881,-0.902917,-0.119459,0,0.910672,0.407199,0.0697474,0,-0.0143324,-0.137585,0.990386,0,53.1228,46.2024,-86.5327,1
0.415595,-0.90175,-0.118866,0,0.909449,0.410036,0.0690894,0,-0.0135619,-0.136816,0.990504,0,53.2571,46.174,-86.6904,1
0.419441,-0.900077,-0.118034,0,0.907699,0.414072,0.0680231,0,-0.0123515,-0.135671,0.990677,0,53.4182,46.1711,-86.8908,1
0.422269,-0.898881,-0.117053,0,0.906392,0.416996,0.0675887,0,-0.0119434,-0.134637,0.990823,0,53.4125,46.2207,-87.0936,1
0.424901,-0.897773,-0.116032,0,0.905164,0.419698,0.0673224,0,-0.0117417,-0.133633,0.990961,0,53.4307,46.2595,-87.2441,1
0.427429,-0.896702,-0.115024,0,0.903974,0.422277,0.0671815,0,-0.0116699,-0.132694,0.991089,0,53.4245,46.2725,-87.4339,1
0.429968,-0.895585,-0.114265,0,0.902775,0.424915,0.066665,0,-0.0111513,-0.131819,0.991211,0,53.4896,46.2715,-87.6299,1
0.432379,-0.894514,-0.113552,0,0.90163,0.427429,0.0660948,0,-0.0105873,-0.13096,0.991331,0,53.5643,46.2745,-87.7983,1
0.434755,-0.893456,-0.112807,0,0.900493,0.429901,0.0655609,0,-0.0100799,-0.130085,0.991452,0,53.6209,46.3192,-87.9406,1
0.438119,-0.891922,-0.111929,0,0.898871,0.433428,0.0645809,0,-0.00908812,-0.128904,0.991616,0,53.8018,46.3497,-88.1569,1
0.440276,-0.890926,-0.111395,0,0.897823,0.435682,0.0639972,0,-0.00848398,-0.128189,0.991714,0,53.9193,46.3377,-88.3324,1
0.442748,-0.889821,-0.110421,0,0.896609,0.438235,0.063583,0,-0.00818714,-0.127156,0.991849,0,53.9025,46.3861,-88.528,1
0.445021,-0.888789,-0.109596,0,0.895486,0.440589,0.0631407,0,-0.0078318,-0.126241,0.991969,0,53.9368,46.4148,-88.6827,1
0.447078,-0.887848,-0.108848,0,0.894463,0.442709,0.0628085,0,-0.00757653,-0.12544,0.992072,0,53.9889,46.4206,-88.8192,1
0.449328,-0.886807,-0.108065,0,0.893339,0.445065,0.0621523,0,-0.00702097,-0.124466,0.992199,0,54.0617,46.4535,-88.9201,1
0.451491,-0.885801,-0.107299,0,0.892251,0.447306,0.0616889,0,-0.00664833,-0.12359,0.992311,0,54.0951,46.4535,-89.0923,1
0.453311,-0.884934,-0.106776,0,0.891331,0.449202,0.0612165,0,-0.00620858,-0.122923,0.992397,0,54.1717,46.4412,-89.2405,1
0.456287,-0.883516,-0.105839,0,0.889816,0.452297,0.0604611,0,-0.00554753,-0.121765,0.992544,0,54.2913,46.429,-89.4589,1
0.458154,-0.882619,-0.10526,0,0.888859,0.45425,0.0598925,0,-0.00504795,-0.121001,0.99264,0,54.4026,46.4558,-89.5866,1
0.459457,-0.881981,-0.104923,0,0.888188,0.455626,0.0593823,0,-0.00456835,-0.120475,0.992706,0,54.4976,46.4616,-89.6514,1
0.460978,-0.881256,-0.104339,0,0.887401,0.457195,0.0590988,0,-0.00437796,-0.119834,0.992784,0,54.4768,46.454,-89.7723,1
0.462954,-0.880298,-0.103683,0,0.886374,0.459262,0.0584717,0,-0.00385469,-0.118972,0.99289,0,54.5114,46.4871,-89.9099,1
0.464885,-0.879377,-0.102849,0,0.885364,0.461252,0.0581214,0,-0.00367119,-0.118079,0.992998,0,54.5144,46.5207,-90.0709,1
0.466588,-0.878549,-0.10221,0,0.884469,0.463016,0.0577177,0,-0.00338276,-0.117332,0.993087,0,54.599,46.5243,-90.2079,1
0.46928,-0.877257,-0.100977,0,0.883044,0.465792,0.0571908,0,-0.00313653,-0.116006,0.993244,0,54.6264,46.5892,-90.4433,1
0.470907,-0.876461,-0.100314,0,0.882178,0.467472,0.0568494,0,-0.00293206,-0.115266,0.993331,0,54.6775,46.5969,-90.5964,1
0.472371,-0.875718,-0.0999164,0,0.881397,0.469016,0.0562512,0,-0.0023978,-0.114637,0.993405,0,54.7582,46.6189,-90.7151,1
0.473932,-0.874944,-0.0993015,0,0.880559,0.470634,0.055861,0,-0.00214058,-0.113915,0.993488,0,54.8004,46.6188,-90.8177,1
0.475377,-0.874202,-0.098936,0,0.879781,0.472165,0.0551948,0,-0.00153732,-0.11328,0.993562,0,54.927,46.6317,-90.8747,1
0.476741,-0.873506,-0.0985161,0,0.879043,0.473582,0.0548045,0,-0.00121657,-0.112727,0.993625,0,55.0052,46.6192,-90.9844,1
0.478308,-0.872702,-0.098045,0,0.878192,0.475239,0.0541049,0,-0.00062269,-0.111981,0.99371,0,55.0897,46.6415,-91.0857,1
0.48055,-0.871579,-0.0970679,0,0.876967,0.477556,0.0535586,0,-0.000325195,-0.110863,0.993836,0,55.1431,46.6912,-91.3389,1
0.481963,-0.870869,-0.0964288,0,0.876192,0.479017,0.0532106,0,-0.00014843,-0.110136,0.993917,0,55.1577,46.7236,-91.4795,1
0.483342,-0.87017,-0.0958369,0,0.875432,0.480436,0.0529245,0,-9.84222e-06,-0.109479,0.993989,0,55.1621,46.7374,-91.5804,1
0.484691,-0.869476,-0.095319,0,0.874686,0.48184,0.0524961,0,0.000284404,-0.108818,0.994062,0,55.2171,46.7427,-91.6704,1
0.485861,-0.868859,-0.0949971,0,0.874036,0.483064,0.0520551,0,0.000661194,-0.108322,0.994116,0,55.2835,46.7299,-91.7565,1
0.487386,-0.868092,-0.0941912,0,0.873186,0.484637,0.0516976,0,0.000770263,-0.107443,0.994211,0,55.2489,46.7752,-91.8879,1
0.488423,-0.867551,-0.0937981,0,0.872606,0.485712,0.0514014,0,0.000965551,-0.106954,0.994264,0,55.2991,46.7722,-91.9558,1
0.48962,-0.866931,-0.093289,0,0.871935,0.486954,0.0510415,0,0.00117797,-0.106333,0.99433,0,55.3408,46.789,-92.0911,1
0.490928,-0.866246,-0.0927803,0,0.871199,0.488313,0.050626,0,0.00145125,-0.105684,0.994399,0,55.408,46.7947,-92.1959,1
0.491667,-0.865852,-0.09255,0,0.870782,0.489087,0.0503301,0,0.00168666,-0.105336,0.994435,0,55.4762,46.7924,-92.2677,1
0.492955,-0.865188,-0.0919001,0,0.870053,0.490408,0.0500701,0,0.00174852,-0.10464,0.994509,0,55.4396,46.8002,-92.3791,1
0.493903,-0.864681,-0.0915792,0,0.869515,0.491398,0.049715,0,0.00201418,-0.104184,0.994556,0,55.495,46.8065,-92.4813,1
0.494795,-0.864195,-0.0913533,0,0.869007,0.492338,0.0493074,0,0.00236546,-0.103784,0.994597,0,55.5785,46.7783,-92.5143,1
0.495869,-0.863636,-0.0908183,0,0.868394,0.493449,0.0489911,0,0.00250372,-0.103159,0.994662,0,55.5998,46.8227,-92.6037,1
0.496784,-0.86313,-0.0906237,0,0.86787,0.494419,0.0485027,0,0.0029419,-0.102745,0.994704,0,55.6816,46.8078,-92.6532,1
0.497989,-0.862481,-0.0901882,0,0.867177,0.495677,0.0480416,0,0.00326926,-0.102133,0.994765,0,55.7432,46.812,-92.725,1
0.499028,-0.861943,-0.0895916,0,0.86658,0.496747,0.0477768,0,0.0033235,-0.10148,0.994832,0,55.7387,46.8598,-92.8259,1
0.499884,-0.861476,-0.089302,0,0.866085,0.497643,0.0474209,0,0.00358859,-0.101048,0.994875,0,55.7514,46.8648,-92.8972,1
0.500544,-0.86113,-0.0889441,0,0.865704,0.498314,0.0473348,0,0.00356066,-0.100692,0.994911,0,55.7726,46.8772,-93.0094,1
0.50128,-0.860737,-0.0886058,0,0.865278,0.499073,0.0471273,0,0.0036566,-0.100293,0.994951,0,55.7943,46.8826,-93.0733,1
0.502077,-0.860314,-0.0881945,0,0.864815,0.499894,0.0469162,0,0.00372534,-0.0998275,0.994998,0,55.7932,46.9132,-93.147,1
0.50278,-0.859942,-0.0878246,0,0.864407,0.500615,0.0467576,0,0.00375752,-0.0994249,0.995038,0,55.8048,46.9184,-93.2293,1
0.503588,-0.859482,-0.0876899,0,0.863934,0.501472,0.0463074,0,0.00417367,-0.0990781,0.995071,0,55.9056,46.9008,-93.2785,1
0.504166,-0.859171,-0.0874262,0,0.863597,0.502071,0.0461054,0,0.00428178,-0.0987456,0.995104,0,55.9397,46.9138,-93.331,1
0.504871,-0.858793,-0.0870622,0,0.863184,0.502797,0.0459204,0,0.00433853,-0.0983346,0.995144,0,55.9271,46.9224,-93.3867,1
0.505525,-0.858442,-0.0867298,0,0.8628,0.50348,0.0456517,0,0.00447739,-0.0979086,0.995185,0,55.9348,46.9503,-93.422,1
0.505939,-0.8582,-0.086715,0,0.862556,0.503925,0.0453449,0,0.00478293,-0.0977382,0.995201,0,55.9828,46.9327,-93.4422,1
0.506247,-0.858016,-0.0867357,0,0.862374,0.504258,0.0451074,0,0.00503436,-0.0976341,0.99521,0,56.0548,46.9272,-93.4698,1
0.506587,-0.857829,-0.0865981,0,0.862174,0.504607,0.0450314,0,0.00506874,-0.097475,0.995225,0,56.0305,46.9106,-93.5073,1
0.506847,-0.857693,-0.0864269,0,0.862021,0.504873,0.0449742,0,0.00506064,-0.0972969,0.995243,0,56.045,46.9246,-93.5235,1
0.507458,-0.857376,-0.0859855,0,0.861663,0.505489,0.0449331,0,0.00494018,-0.0968921,0.995283,0,56.0227,46.9439,-93.5876,1
0.507837,-0.85718,-0.0857021,0,0.86144,0.505869,0.0449293,0,0.00484157,-0.096644,0.995308,0,55.9881,46.962,-93.6604,1
0.508172,-0.856994,-0.0855747,0,0.861242,0.50622,0.0447726,0,0.00494984,-0.0964527,0.995325,0,56.0023,46.9706,-93.6841,1
0.508399,-0.856867,-0.0854958,0,0.861108,0.506454,0.0447071,0,0.00499155,-0.0963501,0.995335,0,56.0178,46.9562,-93.6833,1
0.508551,-0.85678,-0.0854639,0,0.861017,0.506613,0.0446315,0,0.00505783,-0.0962832,0.995341,0,56.0329,46.9563,-93.7194,1
0.508742,-0.856679,-0.0853367,0,0.860904,0.506811,0.0445717,0,0.00506592,-0.0961422,0.995355,0,56.0371,46.9708,-93.7235,1
0.50884,-0.856615,-0.0853933,0,0.860845,0.506921,0.0444568,0,0.00520531,-0.0961318,0.995355,0,56.0821,46.9566,-93.7387,1
0.508997,-0.856521,-0.0854004,0,0.860752,0.507091,0.044334,0,0.00533274,-0.0960744,0.99536,0,56.1166,46.9448,-93.7358,1
0.509094,-0.85647,-0.085334,0,0.860694,0.507188,0.0443326,0,0.0053108,-0.0960159,0.995366,0,56.0992,46.9548,-93.7647,1
0.509198,-0.85642,-0.0852193,0,0.860633,0.507287,0.0443846,0,0.00521881,-0.0959432,0.995373,0,56.0729,46.9566,-93.7914,1
0.509232,-0.856389,-0.0853289,0,0.860612,0.507335,0.0442444,0,0.00539997,-0.0959657,0.99537,0,56.111,46.9385,-93.7592,1
0.50923,-0.856394,-0.0852929,0,0.860614,0.507327,0.0443065,0,0.00532752,-0.0959665,0.99537,0,56.0971,46.9389,-93.7771,1
0.509259,-0.856377,-0.0852897,0,0.860597,0.50736,0.0442602,0,0.00536913,-0.0959399,0.995373,0,56.0894,46.9436,-93.758,1
0.509223,-0.856395,-0.0853219,0,0.860618,0.507325,0.044254,0,0.00538708,-0.0959646,0.99537,0,56.1089,46.9434,-93.7634,1
0.509265,-0.856375,-0.085276,0,0.860593,0.507363,0.0442948,0,0.00533298,-0.0959457,0.995372,0,56.0772,46.9389,-93.7828,1
0.509118,-0.856474,-0.0851571,0,0.860682,0.507193,0.0445281,0,0.00505389,-0.0959632,0.995372,0,56.077,46.9553,-93.7683,1
0.508992,-0.856556,-0.0850848,0,0.860758,0.507044,0.0447508,0,0.00481024,-0.0960152,0.995368,0,56.0463,46.9519,-93.774,1
0.508816,-0.856647,-0.0852231,0,0.860862,0.506862,0.0448015,0,0.00481738,-0.096161,0.995354,0,56.0634,46.9157,-93.7503,1
0.508684,-0.85673,-0.0851689,0,0.860941,0.506712,0.044993,0,0.00460923,-0.0962126,0.99535,0,56.0263,46.9133,-93.752,1
0.508429,-0.856866,-0.0853236,0,0.861092,0.506447,0.0450838,0,0.00458109,-0.0963934,0.995333,0,56.0349,46.8915,-93.731,1
0.508155,-0.857015,-0.0854605,0,0.861254,0.506162,0.0451876,0,0.00453039,-0.0965654,0.995316,0,56.0227,46.8672,-93.7118,1
0.507755,-0.857223,-0.0857495,0,0.861489,0.505758,0.045225,0,0.00460061,-0.0968355,0.99529,0,56.0283,46.8486,-93.6711,1
0.507298,-0.857469,-0.0860062,0,0.861759,0.50529,0.0453222,0,0.00459569,-0.0971084,0.995263,0,56.0087,46.8251,-93.6022,1
0.506961,-0.857665,-0.0860326,0,0.861958,0.504927,0.0455811,0,0.00434693,-0.0972643,0.995249,0,55.956,46.8273,-93.5754,1
0.506466,-0.857953,-0.0860759,0,0.862251,0.50439,0.0459794,0,0.00396769,-0.097506,0.995227,0,55.903,46.8201,-93.5597,1
0.506126,-0.858148,-0.0861284,0,0.862451,0.504029,0.0461814,0,0.00378069,-0.0976551,0.995213,0,55.8552,46.8182,-93.506,1
0.505608,-0.858441,-0.0862517,0,0.862756,0.50348,0.0464774,0,0.00352789,-0.0979135,0.995189,0,55.8227,46.8279,-93.4607,1
0.50482,-0.858873,-0.0865688,0,0.863219,0.502648,0.0468923,0,0.0032391,-0.0983999,0.995142,0,55.8387,46.7913,-93.3803,1
0.504198,-0.859201,-0.0869388,0,0.863582,0.502014,0.0469921,0,0.00326882,-0.0987721,0.995105,0,55.8406,46.7709,-93.3134,1
0.5034,-0.859663,-0.0869965,0,0.864049,0.501155,0.0475645,0,0.00270933,-0.0991133,0.995073,0,55.7556,46.7764,-93.2469,1
0.502731,-0.860039,-0.0871486,0,0.86444,0.500449,0.0479024,0,0.00241552,-0.0994168,0.995043,0,55.7336,46.7957,-93.198,1
0.502047,-0.860415,-0.0873854,0,0.864838,0.499728,0.0482423,0,0.00216058,-0.0997941,0.995006,0,55.707,46.7726,-93.1221,1
0.501219,-0.860863,-0.0877265,0,0.865319,0.498862,0.0485813,0,0.00194164,-0.100261,0.994959,0,55.6888,46.7606,-93.0211,1
0.500586,-0.861212,-0.0879093,0,0.865685,0.498201,0.0488339,0,0.00174016,-0.100547,0.994931,0,55.6635,46.7544,-92.9608,1
0.499916,-0.861586,-0.0880516,0,0.866073,0.497489,0.0492205,0,0.00139702,-0.100865,0.994899,0,55.6018,46.7454,-92.9086,1
0.498982,-0.862093,-0.088388,0,0.866612,0.496503,0.0496823,0,0.0010542,-0.101389,0.994846,0,55.5949,46.7171,-92.7995,1
0.498108,-0.862563,-0.0887319,0,0.867115,0.495581,0.0501223,0,0.000740193,-0.101907,0.994794,0,55.5604,46.6739,-92.7169,1
0.496952,-0.863201,-0.0890121,0,0.867778,0.494365,0.0506419,0,0.000290386,-0.102409,0.994742,0,55.5017,46.6762,-92.6266,1
0.496071,-0.863685,-0.0892287,0,0.868282,0.493426,0.0511605,0,-0.000158757,-0.102855,0.994696,0,55.4505,46.6554,-92.5529,1
0.495071,-0.864228,-0.0895221,0,0.868852,0.492358,0.0517626,0,-0.00065776,-0.103408,0.994639,0,55.3833,46.6208,-92.4788,1
0.494173,-0.864735,-0.0895956,0,0.869363,0.491391,0.0523805,0,-0.00126877,-0.103776,0.9946,0,55.3001,46.629,-92.4335,1
0.493246,-0.865236,-0.0898611,0,0.869889,0.49041,0.0528393,0,-0.00164963,-0.104232,0.994552,0,55.2385,46.6027,-92.3609,1
0.491973,-0.865911,-0.0903359,0,0.870608,0.489066,0.0534427,0,-0.00209646,-0.104939,0.994477,0,55.2074,46.5707,-92.2378,1
0.491078,-0.866408,-0.0904437,0,0.871112,0.488113,0.0539496,0,-0.0025956,-0.10528,0.994439,0,55.1187,46.5839,-92.1697,1
0.489318,-0.867332,-0.091125,0,0.8721,0.486272,0.0545962,0,-0.00304142,-0.106185,0.994342,0,55.0989,46.5268,-91.9593,1
0.488172,-0.86795,-0.091389,0,0.872741,0.485061,0.055131,0,-0.0035217,-0.106672,0.994288,0,55.0549,46.5329,-91.8531,1
0.486898,-0.868621,-0.0918036,0,0.87345,0.483716,0.0557215,0,-0.00399397,-0.107317,0.994217,0,55.0099,46.4834,-91.7358,1
0.485537,-0.869333,-0.092274,0,0.874205,0.482279,0.0563348,0,-0.00447187,-0.108019,0.994139,0,54.9762,46.4338,-91.6089,1
0.484293,-0.870005,-0.0924767,0,0.87489,0.480946,0.0570799,0,-0.00518352,-0.10855,0.994078,0,54.8937,46.4281,-91.5194,1
0.482856,-0.870742,-0.0930528,0,0.875683,0.479447,0.0575286,0,-0.00547866,-0.109263,0.993998,0,54.9155,46.3918,-91.3955,1
0.482055,-0.871171,-0.0931927,0,0.876121,0.478592,0.0579798,0,-0.00590902,-0.109598,0.993959,0,54.8412,46.3616,-91.3234,1
0.480227,-0.872127,-0.0936821,0,0.877118,0.476639,0.0589886,0,-0.006793,-0.110498,0.993853,0,54.7317,46.3095,-91.2064,1
0.478937,-0.872795,-0.0940719,0,0.87782,0.475289,0.0594331,0,-0.00716157,-0.111043,0.99379,0,54.6787,46.2966,-91.085,1
0.477563,-0.873516,-0.0943548,0,0.878563,0.473821,0.0601802,0,-0.007861,-0.111636,0.993718,0,54.5855,46.2855,-90.9894,1
0.476171,-0.874218,-0.0948904,0,0.879315,0.472374,0.0605621,0,-0.00812071,-0.112277,0.993644,0,54.543,46.2541,-90.8461,1
0.474675,-0.874998,-0.0951947,0,0.880117,0.470779,0.0613406,0,-0.00885727,-0.112899,0.993567,0,54.4533,46.2354,-90.6804,1
0.473102,-0.875797,-0.0956751,0,0.880957,0.469114,0.0620222,0,-0.00943641,-0.113628,0.993479,0,54.3755,46.1932,-90.5262,1
0.47157,-0.876583,-0.0960462,0,0.881771,0.46749,0.0627115,0,-0.0100711,-0.114264,0.9934,0,54.3055,46.166,-90.3811,1
0.469853,-0.877468,-0.0963747,0,0.882676,0.465638,0.0637567,0,-0.0110687,-0.115024,0.993301,0,54.193,46.1291,-90.3392,1
0.467117,-0.878857,-0.0970165,0,0.88411,0.46272,0.0651197,0,-0.0123394,-0.116192,0.99315,0,54.0681,46.0617,-90.1542,1
0.465409,-0.879718,-0.0974236,0,0.885001,0.460918,0.0657882,0,-0.0129707,-0.116838,0.993066,0,54.0306,46.0542,-90.0034,1
0.463575,-0.880625,-0.0979721,0,0.885954,0.458986,0.0664629,0,-0.013561,-0.117609,0.992967,0,54.0048,46.0233,-89.8361,1
0.461819,-0.881491,-0.0984773,0,0.886863,0.457147,0.0670169,0,-0.0140561,-0.118285,0.99288,0,53.9709,46.0017,-89.6608,1
0.460116,-0.882339,-0.0988526,0,0.887736,0.455343,0.0677276,0,-0.0147468,-0.118918,0.992795,0,53.8752,45.985,-89.5231,1
0.458235,-0.883255,-0.0994078,0,0.888698,0.453354,0.0684547,0,-0.015396,-0.119712,0.992689,0,53.7622,45.947,-89.4137,1
0.456472,-0.884128,-0.099755,0,0.889592,0.45149,0.0691554,0,-0.0161038,-0.120309,0.992606,0,53.6783,45.9558,-89.2633,1
0.453482,-0.885584,-0.100478,0,0.891098,0.448319,0.0703862,0,-0.0172867,-0.121455,0.992447,0,53.5969,45.9012,-89.0536,1
0.451338,-0.886616,-0.101029,0,0.892169,0.446043,0.0712758,0,-0.0181311,-0.122304,0.992327,0,53.5439,45.8693,-88.8863,1
0.449201,-0.887659,-0.101391,0,0.893225,0.443757,0.0723158,0,-0.0191987,-0.123049,0.992215,0,53.4255,45.8476,-88.7388,1
0.447079,-0.888684,-0.101794,0,0.894266,0.441489,0.0733205,0,-0.0202177,-0.123811,0.9921,0,53.3135,45.7989,-88.5772,1
0.445306,-0.889519,-0.102268,0,0.895137,0.43962,0.0739218,0,-0.020796,-0.124461,0.992007,0,53.3005,45.7731,-88.4221,1
0.443905,-0.890201,-0.102425,0,0.895814,0.438117,0.0746398,0,-0.0215701,-0.124887,0.991937,0,53.1477,45.7599,-88.322,1
0.441524,-0.8913,-0.103157,0,0.896976,0.435622,0.0752897,0,-0.022168,-0.125772,0.991812,0,53.1686,45.7205,-88.1191,1
0.438218,-0.892833,-0.103993,0,0.898569,0.432139,0.0763583,0,-0.0232358,-0.126906,0.991643,0,53.0713,45.6864,-87.9135,1
0.436062,-0.89384,-0.104408,0,0.899594,0.429854,0.077178,0,-0.0241045,-0.127579,0.991536,0,52.9758,45.6546,-87.7818,1
0.433728,-0.894916,-0.104909,0,0.900697,0.427381,0.0780469,0,-0.0250094,-0.128342,0.991415,0,52.8871,45.6306,-87.6078,1
0.431408,-0.89597,-0.105476,0,0.901789,0.424937,0.0787682,0,-0.0257533,-0.129098,0.991297,0,52.8127,45.5878,-87.4267,1
0.428847,-0.897148,-0.10591,0,0.902973,0.422189,0.0799819,0,-0.0270417,-0.129934,0.991154,0,52.677,45.5263,-87.2421,1
0.426363,-0.89829,-0.106252,0,0.90411,0.419533,0.0811039,0,-0.0282784,-0.130644,0.991026,0,52.5514,45.4959,-87.0703,1
0.423883,-0.899415,-0.106658,0,0.905242,0.416897,0.0820644,0,-0.0293444,-0.131337,0.990904,0,52.4463,45.4724,-86.9251,1
0.421248,-0.900591,-0.107174,0,0.906434,0.414093,0.0830886,0,-0.0304489,-0.132147,0.990762,0,52.3583,45.4325,-86.7691,1
0.417608,-0.902181,-0.108042,0,0.908081,0.410274,0.0840466,0,-0.0314984,-0.133209,0.990587,0,52.2427,45.3704,-86.5206,1
0.414881,-0.903349,-0.108788,0,0.909308,0.407425,0.0846372,0,-0.0321337,-0.134036,0.990455,0,52.2093,45.3297,-86.2759,1
0.412164,-0.904527,-0.109322,0,0.910509,0.404562,0.0854537,0,-0.0330674,-0.13476,0.990326,0,52.1226,45.3277,-86.1075,1
0.409314,-0.90577,-0.109741,0,0.911746,0.401523,0.0865904,0,-0.0343673,-0.135499,0.990182,0,52.0028,45.2963,-85.9731,1
0.406292,-0.907091,-0.110061,0,0.913034,0.398277,0.0879984,0,-0.0359878,-0.136242,0.990022,0,51.8587,45.2709,-85.8044,1
0.403452,-0.908295,-0.110577,0,0.91425,0.395272,0.0889158,0,-0.0370535,-0.136969,0.989882,0,51.7692,45.2193,-85.5968,1
0.400631,-0.909488,-0.111027,0,0.915446,0.392291,0.089816,0,-0.0381317,-0.137622,0.989751,0,51.6549,45.199,-85.446,1
0.396467,-0.911211,-0.111839,0,0.917204,0.387927,0.0908255,0,-0.0393759,-0.138588,0.989567,0,51.5019,45.1798,-85.1634,1
0.393393,-0.912462,-0.1125,0,0.918489,0.384705,0.0915419,0,-0.040249,-0.139342,0.989426,0,51.4792,45.1508,-84.9504,1
0.39098,-0.913443,-0.112945,0,0.919481,0.382157,0.0922544,0,-0.0411063,-0.139921,0.989309,0,51.4515,45.1287,-84.805,1
0.388641,-0.914391,-0.113351,0,0.920437,0.379696,0.0928844,0,-0.0418935,-0.140431,0.989204,0,51.3761,45.1127,-84.6642,1
0.385411,-0.915702,-0.113793,0,0.921737,0.376289,0.0938515,0,-0.0431209,-0.141059,0.989062,0,51.2954,45.0966,-84.4667,1
0.382231,-0.916995,-0.114101,0,0.922987,0.372897,0.0950914,0,-0.0446504,-0.141661,0.988908,0,51.1273,45.0527,-84.2603,1
0.378985,-0.918278,-0.114616,0,0.924265,0.369466,0.0960654,0,-0.045868,-0.142343,0.988754,0,51.0283,45.0036,-84.0554,1
0.375822,-0.919518,-0.115089,0,0.925497,0.366124,0.0970014,0,-0.0470574,-0.14297,0.988608,0,50.9023,44.9717,-83.9243,1
0.370999,-0.921379,-0.115851,0,0.927359,0.361063,0.0981756,0,-0.0486274,-0.143859,0.988403,0,50.7533,44.932,-83.6449,1
0.367713,-0.922633,-0.116347,0,0.928616,0.357633,0.0988443,0,-0.0495874,-0.144388,0.988278,0,50.6677,44.9039,-83.4318,1
0.363999,-0.92403,-0.116935,0,0.930014,0.353736,0.0997294,0,-0.0507889,-0.145052,0.98812,0,50.6339,44.8588,-83.2083,1
0.360324,-0.925413,-0.117379,0,0.931365,0.349857,0.10079,0,-0.052206,-0.14564,0.98796,0,50.5612,44.8339,-83.0547,1
0.356867,-0.926709,-0.117719,0,0.932614,0.346201,0.101866,0,-0.0536454,-0.146138,0.987809,0,50.4093,44.8144,-82.8716,1
0.353557,-0.92793,-0.118088,0,0.933802,0.342717,0.102758,0,-0.0548814,-0.146602,0.987672,0,50.2516,44.7921,-82.6997,1
0.349855,-0.929274,-0.118538,0,0.935121,0.338839,0.103616,0,-0.0561222,-0.147098,0.987529,0,50.1538,44.8207,-82.525,1
0.34389,-0.931377,-0.119489,0,0.937227,0.332608,0.104774,0,-0.0578409,-0.148019,0.987292,0,50.1255,44.7348,-82.2057,1
0.339918,-0.932786,-0.119857,0,0.938586,0.328444,0.105743,0,-0.059269,-0.148439,0.987144,0,50.0702,44.74,-82.0142,1
0.336209,-0.934098,-0.120106,0,0.939827,0.324546,0.106744,0,-0.0607297,-0.148767,0.987006,0,49.8999,44.7312,-81.8501,1
0.332562,-0.935348,-0.120528,0,0.941051,0.320742,0.107463,0,-0.0618569,-0.149161,0.986876,0,49.7841,44.7306,-81.6367,1
0.328716,-0.936658,-0.120903,0,0.942312,0.316713,0.108358,0,-0.0632031,-0.149548,0.986733,0,49.6661,44.7126,-81.4266,1
0.324805,-0.937973,-0.121282,0,0.943571,0.31261,0.109312,0,-0.0646176,-0.149943,0.986581,0,49.5169,44.6716,-81.3026,1
0.320525,-0.939387,-0.121722,0,0.944946,0.308159,0.110066,0,-0.0658845,-0.1503,0.986443,0,49.5041,44.6412,-81.0749,1
0.317383,-0.94041,-0.122056,0,0.945948,0.304907,0.11052,0,-0.0667182,-0.150536,0.986351,0,49.469,44.6186,-80.89,1
0.312274,-0.942057,-0.122529,0,0.947533,0.29959,0.11148,0,-0.0683118,-0.150912,0.986184,0,49.3336,44.5621,-80.6275,1
0.308108,-0.943387,-0.122846,0,0.948792,0.295242,0.112366,0,-0.0697351,-0.151176,0.986044,0,49.2229,44.5569,-80.4774,1
0.303978,-0.944696,-0.123076,0,0.950007,0.290916,0.113376,0,-0.0713007,-0.151386,0.9859,0,49.0594,44.5564,-80.317,1
0.299588,-0.946059,-0.123366,0,0.951295,0.286357,0.114182,0,-0.0726965,-0.151565,0.985771,0,48.9632,44.5578,-80.0771,1
0.295027,-0.94747,-0.123534,0,0.952589,0.281596,0.115231,0,-0.074391,-0.151674,0.985627,0,48.8577,44.5538,-79.9236,1
0.29045,-0.948837,-0.123888,0,0.95389,0.276858,0.11595,0,-0.0757182,-0.151853,0.985499,0,48.8162,44.5383,-79.7384,1
0.286163,-0.950087,-0.124282,0,0.955113,0.272464,0.116288,0,-0.0766214,-0.151981,0.985409,0,48.7823,44.5682,-79.5389,1
0.279294,-0.952049,-0.124888,0,0.956996,0.265371,0.117206,0,-0.0784446,-0.152253,0.985224,0,48.6667,44.566,-79.2308,1
0.274415,-0.953466,-0.124899,0,0.958241,0.260273,0.118456,0,-0.0804364,-0.152189,0.985073,0,48.5389,44.5571,-79.0666,1
0.269696,-0.954812,-0.124895,0,0.959429,0.255367,0.119514,0,-0.0822194,-0.15206,0.984946,0,48.3607,44.561,-78.9138,1
0.265112,-0.956051,-0.125233,0,0.960624,0.250683,0.119833,0,-0.0831729,-0.152071,0.984864,0,48.3202,44.5357,-78.7113,1
0.260454,-0.957287,-0.125563,0,0.961801,0.245904,0.120292,0,-0.0842776,-0.152097,0.984766,0,48.2654,44.5125,-78.5425,1
0.255761,-0.958536,-0.125682,0,0.962926,0.241053,0.121105,0,-0.0857873,-0.151996,0.984651,0,48.1113,44.5109,-78.4088,1
0.25065,-0.959892,-0.125629,0,0.9641,0.235758,0.122185,0,-0.0876669,-0.151744,0.984524,0,47.9993,44.5248,-78.2021,1
0.243044,-0.961824,-0.125793,0,0.965862,0.227972,0.123045,0,-0.0896707,-0.151404,0.984396,0,47.8903,44.5355,-77.8893,1
0.237952,-0.963071,-0.125993,0,0.967012,0.222761,0.123557,0,-0.0909275,-0.151237,0.984307,0,47.8621,44.5474,-77.738,1
0.232837,-0.96429,-0.126225,0,0.968159,0.21756,0.123841,0,-0.0919569,-0.151041,0.984241,0,47.8352,44.5799,-77.5555,1
0.227597,-0.965547,-0.126171,0,0.969253,0.212189,0.124601,0,-0.0935362,-0.15065,0.984152,0,47.7118,44.5965,-77.348,1
0.222312,-0.96681,-0.125921,0,0.970299,0.206757,0.125588,0,-0.0953845,-0.150101,0.984059,0,47.5853,44.6281,-77.2027,1
0.218368,-0.967713,-0.125882,0,0.97108,0.202721,0.126126,0,-0.0965349,-0.149783,0.983995,0,47.5275,44.6331,-77.0927,1
0.214588,-0.968556,-0.125904,0,0.971841,0.198889,0.12637,0,-0.097355,-0.149476,0.983961,0,47.4394,44.6548,-76.9828,1
0.209231,-0.969692,-0.126175,0,0.972931,0.193487,0.126367,0,-0.0981239,-0.1492,0.983927,0,47.4338,44.6343,-76.7687,1
0.200594,-0.971548,-0.125927,0,0.974478,0.184654,0.127653,0,-0.100768,-0.148319,0.983792,0,47.2977,44.6307,-76.5551,1
0.195146,-0.972705,-0.125553,0,0.975404,0.179103,0.128491,0,-0.102497,-0.14754,0.983731,0,47.1619,44.6734,-76.3872,1
0.189867,-0.97377,-0.125391,0,0.976332,0.17379,0.128733,0,-0.103565,-0.146866,0.98372,0,47.0843,44.7436,-76.2297,1
0.184178,-0.974854,-0.125453,0,0.977316,0.168057,0.128884,0,-0.104559,-0.146345,0.983692,0,47.0866,44.74,-76.0801,1
0.178187,-0.976001,-0.125186,0,0.978269,0.162003,0.129401,0,-0.106015,-0.145523,0.983659,0,47.075,44.7834,-75.9149,1
0.172324,-0.977108,-0.12476,0,0.979127,0.156052,0.130227,0,-0.107776,-0.144597,0.983604,0,46.9606,44.8453,-75.7561,1
0.16651,-0.978144,-0.124536,0,0.97999,0.150193,0.130623,0,-0.109063,-0.143794,0.98358,0,46.9015,44.8789,-75.6094,1
0.157851,-0.979626,-0.124165,0,0.981249,0.141528,0.130846,0,-0.110607,-0.142491,0.983597,0,46.8343,44.9594,-75.4294,1
0.151607,-0.980672,-0.123685,0,0.982056,0.135245,0.131432,0,-0.112164,-0.141392,0.983579,0,46.7575,44.9778,-75.2449,1
0.14555,-0.981652,-0.12319,0,0.982798,0.129152,0.132016,0,-0.113684,-0.140285,0.983563,0,46.6673,44.9907,-75.1229,1
0.139732,-0.982543,-0.122819,0,0.983508,0.123332,0.132297,0,-0.11484,-0.13928,0.983572,0,46.5598,45.0294,-74.9995,1
0.133679,-0.983428,-0.122474,0,0.984237,0.117306,0.132352,0,-0.115792,-0.138236,0.983607,0,46.5176,45.0957,-74.8111,1
0.127051,-0.984394,-0.121767,0,0.984909,0.110656,0.133078,0,-0.117526,-0.136837,0.983597,0,46.4219,45.1637,-74.7183,1
0.12054,-0.985281,-0.121214,0,0.985606,0.104201,0.13313,0,-0.11854,-0.135517,0.983658,0,46.478,45.2098,-74.5742,1
0.111529,-0.986455,-0.120288,0,0.986467,0.0952576,0.133452,0,-0.120186,-0.133544,0.983728,0,46.354,45.3246,-74.3721,1
0.104689,-0.987271,-0.119731,0,0.987048,0.0884324,0.133852,0,-0.12156,-0.132193,0.983742,0,46.335,45.3863,-74.2502,1
0.098108,-0.988055,-0.118839,0,0.987574,0.0819304,0.134108,0,-0.122769,-0.130519,0.983816,0,46.299,45.4625,-74.1056,1
0.0932012,-0.988591,-0.118327,0,0.987958,0.0770847,0.134151,0,-0.123499,-0.129405,0.983871,0,46.2895,45.5009,-74.0319,1
0.088293,-0.989099,-0.117847,0,0.988313,0.0722281,0.134244,0,-0.124269,-0.128322,0.983916,0,46.2455,45.5145,-73.9223,1
0.082007,-0.989737,-0.117031,0,0.988724,0.0660301,0.134407,0,-0.1253,-0.126733,0.983991,0,46.1733,45.6107,-73.8417,1
0.0750994,-0.990398,-0.11607,0,0.989116,0.0592161,0.134698,0,-0.126532,-0.124922,0.984065,0,46.1504,45.6679,-73.7195,1
0.06842,-0.991001,-0.115049,0,0.989439,0.052633,0.135056,0,-0.127785,-0.123074,0.984136,0,46.0999,45.7552,-73.6905,1
0.0587679,-0.991765,-0.113793,0,0.989918,0.0431807,0.134897,0,-0.128873,-0.120573,0.984304,0,46.0547,45.8565,-73.5129,1
0.0516546,-0.992273,-0.11281,0,0.990161,0.0361768,0.135176,0,-0.13005,-0.118682,0.984379,0,46.0411,45.9465,-73.4286,1
0.0446814,-0.992745,-0.11163,0,0.990327,0.0293222,0.135623,0,-0.131365,-0.11661,0.984452,0,46.009,46.0353,-73.3546,1
0.0384385,-0.993129,-0.110536,0,0.990538,0.0232846,0.135252,0,-0.131749,-0.114689,0.984626,0,45.9962,46.1603,-73.2539,1
0.0316868,-0.993458,-0.109718,0,0.990729,0.0167103,0.13482,0,-0.132105,-0.112973,0.984777,0,46.0799,46.2024,-73.1637,1
0.0248144,-0.993798,-0.108396,0,0.990759,0.00998467,0.135267,0,-0.133345,-0.11075,0.984862,0,45.9975,46.2915,-73.0913,1
0.0180725,-0.994089,-0.107055,0,0.990788,0.00343349,0.135376,0,-0.134208,-0.108516,0.984994,0,45.9518,46.352,-72.9671,1
0.00823718,-0.994413,-0.105238,0,0.990813,-0.00609099,0.135106,0,-0.134992,-0.105384,0.985227,0,45.9436,46.4681,-72.9125,1
0.00137623,-0.994573,-0.104037,0,0.990783,-0.0127362,0.134863,0,-0.135456,-0.103263,0.985388,0,45.9887,46.5774,-72.7776,1
-0.00540694,-0.994735,-0.102343,0,0.990585,-0.0193281,0.135527,0,-0.136792,-0.100647,0.985474,0,45.8753,46.7115,-72.7365,1
-0.0123039,-0.994807,-0.101036,0,0.990465,-0.0259907,0.135288,0,-0.137212,-0.0984083,0.985641,0,45.9288,46.8133,-72.7046,1
-0.0187722,-0.994844,-0.0996677,0,0.990344,-0.0321966,0.134844,0,-0.137357,-0.0961739,0.985842,0,45.9462,46.9598,-72.6233,1
-0.0257679,-0.994824,-0.0982928,0,0.990124,-0.0389525,0.134672,0,-0.137804,-0.0938519,0.986003,0,45.9914,47.0516,-72.6504,1
-0.0328065,-0.994793,-0.0964965,0,0.989785,-0.0457398,0.135031,0,-0.138742,-0.0910809,0.986131,0,45.9727,47.1481,-72.6156,1
-0.0425088,-0.994642,-0.0942323,0,0.989374,-0.0550335,0.134576,0,-0.139041,-0.0875103,0.986412,0,45.9778,47.2831,-72.5427,1
-0.0474081,-0.994524,-0.0931403,0,0.989146,-0.0597249,0.134253,0,-0.13908,-0.0857646,0.98656,0,45.9972,47.3476,-72.5269,1
-0.052687,-0.994383,-0.0917988,0,0.988831,-0.0647841,0.134225,0,-0.139418,-0.0837016,0.98669,0,46.0329,47.4273,-72.5266,1
-0.0596791,-0.994159,-0.0899294,0,0.988398,-0.0714571,0.134027,0,-0.13967,-0.0808874,0.986889,0,46.0904,47.5494,-72.4488,1
-0.0662076,-0.993905,-0.0881521,0,0.987924,-0.0776983,0.134048,0,-0.14008,-0.0782126,0.987046,0,46.0469,47.6808,-72.4376,1
-0.0729935,-0.993573,-0.0865118,0,0.987429,-0.0841902,0.133777,0,-0.140201,-0.0756594,0.987228,0,46.0841,47.8143,-72.4203,1
-0.0797181,-0.993225,-0.0845586,0,0.98692,-0.0905666,0.133371,0,-0.140126,-0.0728204,0.987452,0,46.1615,47.9814,-72.3996,1
-0.0866748,-0.992813,-0.0825288,0,0.986279,-0.0971968,0.133442,0,-0.140504,-0.0698304,0.987615,0,46.1663,48.0929,-72.4813,1
-0.0964456,-0.992143,-0.0796961,0,0.985358,-0.106483,0.13316,0,-0.1406,-0.0656864,0.987885,0,46.127,48.2739,-72.4733,1
-0.103174,-0.991615,-0.0778117,0,0.984713,-0.112867,0.132669,0,-0.140339,-0.0629342,0.988102,0,46.1805,48.3606,-72.4574,1
-0.110097,-0.991056,-0.0754102,0,0.983932,-0.119406,0.132739,0,-0.140556,-0.0595843,0.988278,0,46.2103,48.4971,-72.5009,1
-0.116748,-0.990449,-0.0733521,0,0.983199,-0.125696,0.132363,0,-0.140319,-0.0566665,0.988484,0,46.266,48.6116,-72.4998,1
-0.123189,-0.989819,-0.0712918,0,0.982445,-0.131782,0.132042,0,-0.140092,-0.0537741,0.988677,0,46.3091,48.7904,-72.511,1
-0.130143,-0.989083,-0.0691242,0,0.981569,-0.138367,0.131824,0,-0.13995,-0.0506941,0.98886,0,46.4044,48.9345,-72.5652,1
-0.137051,-0.988318,-0.0666743,0,0.980653,-0.14487,0.131655,0,-0.139776,-0.0473409,0.989051,0,46.4568,49.0774,-72.5594,1
-0.147094,-0.987092,-0.0633453,0,0.979283,-0.154343,0.131088,0,-0.139173,-0.0427506,0.989345,0,46.5556,49.2773,-72.6577,1
-0.153523,-0.986261,-0.0609916,0,0.978366,-0.160376,0.130688,0,-0.138674,-0.0396085,0.989546,0,46.6062,49.4322,-72.6439,1
-0.160359,-0.985331,-0.0583761,0,0.977296,-0.166793,0.130665,0,-0.138485,-0.0360973,0.989707,0,46.6335,49.5827,-72.6727,1
-0.166856,-0.984398,-0.0558588,0,0.976297,-0.172873,0.130231,0,-0.137855,-0.0328049,0.989909,0,46.6764,49.7044,-72.7276,1
-0.173367,-0.983404,-0.0534944,0,0.975257,-0.178989,0.129754,0,-0.137175,-0.0296758,0.990102,0,46.7083,49.8337,-72.8115,1
-0.179915,-0.982358,-0.0510166,0,0.974136,-0.185137,0.129554,0,-0.136714,-0.0263883,0.990259,0,46.7485,49.9965,-72.8375,1
-0.185247,-0.981473,-0.0489284,0,0.973172,-0.190139,0.129554,0,-0.136457,-0.0236163,0.990365,0,46.8088,50.0987,-72.8884,1
-0.190362,-0.980597,-0.0468169,0,0.97226,-0.194916,0.129303,0,-0.135919,-0.020904,0.990499,0,46.9029,50.2228,-72.9678,1
-0.1999,-0.978875,-0.042947,0,0.970569,-0.203831,0.128254,0,-0.134299,-0.0160449,0.990811,0,47.074,50.4677,-73.0571,1
-0.206603,-0.977595,-0.0402916,0,0.969256,-0.210117,0.128041,0,-0.133638,-0.0125993,0.99095,0,47.1363,50.6059,-73.1627,1
-0.21326,-0.976286,-0.0372254,0,0.96788,-0.216309,0.128136,0,-0.13315,-0.00870342,0.991058,0,47.1799,50.7891,-73.2294,1
-0.219815,-0.974932,-0.0344883,0,0.966572,-0.222441,0.12751,0,-0.131986,-0.00530666,0.991238,0,47.301,50.9264,-73.3104,1
-0.226193,-0.973566,-0.0317126,0,0.965259,-0.228398,0.126922,0,-0.13081,-0.00190197,0.991406,0,47.4367,51.0676,-73.4275,1
-0.232731,-0.972117,-0.0287297,0,0.963803,-0.234491,0.126882,0,-0.130081,0.0018397,0.991502,0,47.4583,51.221,-73.5811,1
-0.239054,-0.970672,-0.0254839,0,0.962391,-0.24034,0.12665,0,-0.12906,0.00575066,0.99162,0,47.5383,51.3928,-73.6289,1
-0.248592,-0.968375,-0.0212631,0,0.960177,-0.249259,0.126218,0,-0.127526,0.0109603,0.991775,0,47.6296,51.6079,-73.885,1
-0.254548,-0.966886,-0.0183577,0,0.95883,-0.254807,0.125377,0,-0.125903,0.0143126,0.99194,0,47.7787,51.7687,-73.975,1
-0.261204,-0.965164,-0.0152213,0,0.957188,-0.26102,0.125143,0,-0.124756,0.0181183,0.992022,0,47.9151,51.9317,-74.0438,1
-0.267226,-0.963559,-0.0120023,0,0.955662,-0.266593,0.125057,0,-0.1237,0.0219484,0.992077,0,47.9887,52.1451,-74.1634,1
-0.273171,-0.961923,-0.00905906,0,0.954161,-0.27214,0.124562,0,-0.122285,0.0253831,0.992171,0,48.0732,52.2853,-74.2755,1
-0.278893,-0.960303,-0.0060853,0,0.952706,-0.277472,0.123943,0,-0.120712,0.0287695,0.992271,0,48.2082,52.4618,-74.4153,1
-0.285212,-0.958461,-0.0027753,0,0.950995,-0.283348,0.123787,0,-0.119431,0.0326661,0.992305,0,48.3087,52.5731,-74.566,1
-0.29093,-0.956745,0.000484027,0,0.9494,-0.288634,0.123818,0,-0.118323,0.036482,0.992305,0,48.3206,52.736,-74.6816,1
-0.299386,-0.954119,0.00497586,0,0.947059,-0.296529,0.123086,0,-0.115964,0.0415628,0.992383,0,48.4837,52.9499,-74.8927,1
-0.305115,-0.952281,0.00815747,0,0.945418,-0.301865,0.122735,0,-0.114415,0.0451604,0.992406,0,48.5744,53.1002,-75.0489,1
-0.31068,-0.950444,0.0115928,0,0.943778,-0.307006,0.122598,0,-0.112963,0.0490297,0.992389,0,48.6722,53.3021,-75.2094,1
-0.314958,-0.949003,0.0139621,0,0.942493,-0.310997,0.122424,0,-0.111838,0.0517177,0.99238,0,48.7307,53.4377,-75.3535,1
-0.318966,-0.947627,0.0162481,0,0.94129,-0.314739,0.122119,0,-0.110609,0.054246,0.992383,0,48.8191,53.5644,-75.5009,1
-0.324515,-0.945684,0.0192599,0,0.939583,-0.319942,0.121745,0,-0.10897,0.0576043,0.992375,0,48.9466,53.7157,-75.6531,1
-0.33002,-0.943704,0.0225708,0,0.937846,-0.325064,0.121569,0,-0.107388,0.061288,0.992326,0,49.0372,53.8667,-75.7875,1
-0.338097,-0.940702,0.0277435,0,0.935263,-0.332569,0.121163,0,-0.104751,0.0669123,0.992245,0,49.2459,54.0747,-76.0411,1
-0.342906,-0.938863,0.0308521,0,0.933691,-0.337043,0.120928,0,-0.103136,0.0702732,0.992182,0,49.2723,54.2335,-76.2109,1
-0.348011,-0.936877,0.0339062,0,0.932003,-0.34184,0.120482,0,-0.101286,0.0735299,0.992136,0,49.3631,54.3617,-76.3159,1
-0.353162,-0.934815,0.0373801,0,0.930253,-0.346627,0.12033,0,-0.0995296,0.077269,0.99203,0,49.5055,54.5291,-76.4795,1
-0.35822,-0.932743,0.0408625,0,0.928519,-0.351338,0.120058,0,-0.0976268,0.0809488,0.991926,0,49.6446,54.6802,-76.6825,1
-0.363293,-0.930634,0.0440301,0,0.926767,-0.356131,0.119472,0,-0.0955044,0.0842091,0.991861,0,49.8015,54.7974,-76.8307,1
-0.368128,-0.928578,0.0471592,0,0.92505,-0.360679,0.119135,0,-0.0936166,0.0874815,0.991758,0,49.8992,54.951,-76.9792,1
-0.375536,-0.925341,0.052131,0,0.92231,-0.367586,0.119269,0,-0.0912021,0.0928708,0.991493,0,50.0416,55.2568,-77.3136,1
-0.379961,-0.923325,0.0556908,0,0.920685,-0.371691,0.1191,0,-0.0892679,0.096527,0.991319,0,50.0987,55.421,-77.464,1
-0.384661,-0.921178,0.0588752,0,0.918934,-0.376141,0.118656,0,-0.0871577,0.0997447,0.991189,0,50.2379,55.5401,-77.6577,1
-0.389219,-0.919053,0.062049,0,0.917205,-0.380449,0.118298,0,-0.0851157,0.102955,0.991038,0,50.3628,55.6535,-77.8707,1
-0.3936,-0.916967,0.0652029,0,0.915525,-0.384599,0.117887,0,-0.0830214,0.106095,0.990884,0,50.469,55.7664,-78.0722,1
-0.398111,-0.914764,0.0686624,0,0.913731,-0.388803,0.118016,0,-0.081261,0.109723,0.990635,0,50.5444,55.9154,-78.2353,1
-0.402677,-0.912497,0.0721083,0,0.91189,-0.393077,0.118097,0,-0.0794188,0.11331,0.990381,0,50.6447,56.0833,-78.4319,1
-0.406988,-0.910324,0.0753087,0,0.910147,-0.397156,0.117894,0,-0.0774122,0.116523,0.990167,0,50.7517,56.2057,-78.6384,1
-0.413063,-0.907173,0.080105,0,0.907697,-0.402964,0.117071,0,-0.0739245,0.121069,0.989888,0,50.9839,56.422,-78.9166,1
-0.416161,-0.90553,0.0826197,0,0.906411,-0.405902,0.116888,0,-0.0723103,0.123532,0.989703,0,51.077,56.5345,-79.0761,1
-0.41956,-0.90372,0.0852011,0,0.904936,-0.409067,0.11728,0,-0.0711355,0.126308,0.989437,0,51.102,56.6589,-79.2368,1
-0.42378,-0.901427,0.0885491,0,0.903104,-0.413022,0.117547,0,-0.0693874,0.129783,0.989112,0,51.1763,56.8391,-79.4466,1
-0.427753,-0.899224,0.0917814,0,0.901406,-0.416839,0.117104,0,-0.0670443,0.132824,0.98887,0,51.3344,56.9438,-79.6097,1
-0.431761,-0.896985,0.0948734,0,0.899658,-0.420701,0.116729,0,-0.064791,0.135753,0.988622,0,51.4281,57.0477,-79.8099,1
-0.435573,-0.894795,0.0980708,0,0.897987,-0.424382,0.116279,0,-0.062426,0.138714,0.988363,0,51.5923,57.1793,-80.0128,1
-0.441271,-0.891423,0.103173,0,0.895407,-0.429777,0.11635,0,-0.0593756,0.143723,0.987835,0,51.716,57.3985,-80.3358,1
-0.444997,-0.88918,0.106476,0,0.893694,-0.433319,0.11639,0,-0.0573539,0.146951,0.98748,0,51.7881,57.5499,-80.5267,1
-0.448619,-0.88698,0.109576,0,0.892025,-0.436833,0.116057,0,-0.0550736,0.14981,0.98718,0,51.9187,57.6431,-80.7098,1
-0.452249,-0.884751,0.112639,0,0.890324,-0.440353,0.115814,0,-0.0528659,0.152662,0.986864,0,52.0281,57.7165,-80.9581,1
-0.45577,-0.882529,0.115833,0,0.888662,-0.443779,0.115499,0,-0.0505272,0.155577,0.986531,0,52.1754,57.8305,-81.1552,1
-0.459354,-0.880229,0.119129,0,0.886939,-0.447234,0.11542,0,-0.0483177,0.158679,0.986147,0,52.3041,57.9931,-81.3625,1
-0.46289,-0.877918,0.122446,0,0.885218,-0.450653,0.115334,0,-0.0460733,0.161779,0.985751,0,52.4197,58.1106,-81.5558,1
-0.467839,-0.874616,0.127173,0,0.882764,-0.45541,0.115458,0,-0.0430654,0.166279,0.985138,0,52.5314,58.3247,-81.9042,1
-0.4711,-0.872424,0.130163,0,0.88114,-0.458634,0.1151,0,-0.0407185,0.168915,0.984789,0,52.6783,58.4516,-82.0792,1
-0.474185,-0.870299,0.133151,0,0.879581,-0.46166,0.114921,0,-0.0385452,0.171611,0.984411,0,52.7579,58.5779,-82.2682,1
-0.477345,-0.868088,0.136251,0,0.877967,-0.464768,0.114742,0,-0.0362811,0.174395,0.984007,0,52.8671,58.7082,-82.4618,1
-0.480647,-0.865757,0.139445,0,0.876244,-0.46795,0.11498,0,-0.0342912,0.177452,0.983532,0,52.9589,58.8365,-82.7477,1
-0.483787,-0.863481,0.142654,0,0.874593,-0.470995,0.115116,0,-0.0322109,0.180456,0.983056,0,53.0773,58.9894,-82.9907,1
-0.486775,-0.861305,0.145619,0,0.873014,-0.473965,0.114911,0,-0.0299552,0.183063,0.982645,0,53.1622,59.0559,-83.1561,1
-0.490503,-0.858576,0.149179,0,0.871013,-0.477672,0.114741,0,-0.0272554,0.186218,0.982131,0,53.2286,59.1711,-83.3708,1
-0.492634,-0.856956,0.151455,0,0.869863,-0.479806,0.114568,0,-0.0255109,0.188185,0.981802,0,53.3355,59.2479,-83.5195,1
-0.495421,-0.854822,0.154393,0,0.86834,-0.482583,0.114455,0,-0.0233314,0.190769,0.981358,0,53.4382,59.3499,-83.7587,1
-0.498384,-0.852523,0.157541,0,0.866698,-0.485503,0.11455,0,-0.0211696,0.19363,0.980846,0,53.5438,59.4483,-84.023,1
-0.501058,-0.850375,0.160635,0,0.865205,-0.488152,0.11458,0,-0.0190219,0.196393,0.980341,0,53.6068,59.5722,-84.206,1
-0.503817,-0.848171,0.16363,0,0.86365,-0.490949,0.11436,0,-0.0166628,0.198936,0.979871,0,53.7617,59.6862,-84.3809,1
-0.506317,-0.846155,0.166331,0,0.862224,-0.493472,0.114258,0,-0.0146002,0.201266,0.979428,0,53.8143,59.7797,-84.6171,1
-0.509001,-0.844011,0.169009,0,0.860673,-0.496141,0.114397,0,-0.0126996,0.20369,0.978953,0,53.8789,59.8932,-84.8268,1
-0.51275,-0.840877,0.173246,0,0.858489,-0.500004,0.113991,0,-0.0092286,0.207179,0.97826,0,54.0762,60.0155,-85.0852,1
-0.515334,-0.838678,0.176212,0,0.856961,-0.50261,0.114024,0,-0.00706412,0.209767,0.977726,0,54.1873,60.1415,-85.3027,1
-0.517849,-0.8365,0.179168,0,0.855458,-0.505156,0.114056,0,-0.00490003,0.212334,0.977185,0,54.2802,60.2497,-85.4873,1
-0.520175,-0.834447,0.181978,0,0.854055,-0.507514,0.114105,0,-0.00285799,0.214774,0.97666,0,54.3914,60.357,-85.7304,1
-0.522419,-0.832441,0.184719,0,0.852689,-0.509816,0.11406,0,-0.000775129,0.217095,0.97615,0,54.4892,60.4764,-85.9678,1
-0.524728,-0.830406,0.187315,0,0.851269,-0.512247,0.113777,0,0.00147083,0.219157,0.975689,0,54.6014,60.5442,-86.1485,1
-0.527062,-0.828347,0.189864,0,0.849821,-0.514604,0.113963,0,0.00330374,0.221416,0.975174,0,54.6334,60.6318,-86.329,1
-0.530157,-0.825471,0.193732,0,0.847876,-0.517837,0.113804,0,0.00637975,0.224595,0.974431,0,54.7228,60.7674,-86.5911,1
-0.532337,-0.823413,0.19649,0,0.846491,-0.520069,0.113934,0,0.00837371,0.226978,0.973864,0,54.8357,60.8508,-86.8309,1
-0.534426,-0.821372,0.19934,0,0.845151,-0.52222,0.114045,0,0.0104255,0.229421,0.973272,0,54.9383,60.9318,-87.0454,1
-0.53636,-0.819477,0.201931,0,0.8439,-0.524216,0.114155,0,0.0123079,0.231637,0.972725,0,54.9787,61.0362,-87.2346,1
-0.538399,-0.817506,0.204476,0,0.842568,-0.526363,0.114109,0,0.0143434,0.233721,0.972198,0,55.0384,61.0757,-87.4293,1
-0.539901,-0.816062,0.20628,0,0.841578,-0.52798,0.113943,0,0.0159274,0.235118,0.971836,0,55.1191,61.135,-87.5875,1
-0.54119,-0.814758,0.208046,0,0.840719,-0.52939,0.113743,0,0.0174647,0.236464,0.971483,0,55.1891,61.2054,-87.6846,1
-0.543166,-0.812812,0.210494,0,0.839397,-0.531524,0.113554,0,0.0195849,0.238367,0.970978,0,55.3,61.2451,-87.8822,1
-0.545949,-0.810049,0.213916,0,0.83753,-0.534368,0.11399,0,0.0219721,0.241394,0.970179,0,55.3124,61.4001,-88.2217,1
-0.547904,-0.808067,0.216401,0,0.836204,-0.536388,0.11424,0,0.0237615,0.243548,0.969598,0,55.3777,61.4878,-88.3891,1
