0.718728,0.673115,-0.174199,0,-0.693296,0.712774,-0.10627,0,0.0526324,0.197151,0.978959,0,56.2562,38.7992,-67.9365,1
0.719011,0.672967,-0.173607,0,-0.693011,0.713105,-0.10591,0,0.0525258,0.196462,0.979104,0,56.2583,38.7909,-68.015,1
0.719239,0.672863,-0.173063,0,-0.692787,0.713359,-0.105661,0,0.0523605,0.195891,0.979227,0,56.2373,38.754,-68.0975,1
0.719529,0.6727,-0.17249,0,-0.692494,0.713692,-0.105337,0,0.0522448,0.195242,0.979363,0,56.2493,38.7507,-68.1787,1
0.719896,0.672459,-0.171897,0,-0.692117,0.714117,-0.104934,0,0.0521905,0.194515,0.97951,0,56.2577,38.7372,-68.2354,1
0.720365,0.672174,-0.171048,0,-0.691645,0.714634,-0.104524,0,0.0519785,0.1936,0.979703,0,56.2527,38.7348,-68.3614,1
0.720596,0.672052,-0.17055,0,-0.691412,0.7149,-0.104245,0,0.0518683,0.193039,0.979819,0,56.2493,38.7133,-68.4383,1
0.720825,0.671919,-0.170105,0,-0.691169,0.715202,-0.103782,0,0.051927,0.19238,0.979946,0,56.2905,38.6912,-68.4649,1
0.721079,0.671798,-0.169506,0,-0.690911,0.715509,-0.103382,0,0.0518314,0.19166,0.980092,0,56.2927,38.659,-68.5375,1
0.721262,0.671727,-0.169012,0,-0.690735,0.715708,-0.103189,0,0.0516486,0.191169,0.980197,0,56.2744,38.6294,-68.6297,1
0.721514,0.671593,-0.168467,0,-0.690484,0.715983,-0.102956,0,0.0514743,0.190608,0.980316,0,56.2642,38.6264,-68.7133,1
0.721702,0.671506,-0.168007,0,-0.690293,0.716213,-0.102637,0,0.0514073,0.190048,0.980428,0,56.2648,38.5868,-68.7694,1
0.722011,0.671362,-0.16725,0,-0.689982,0.716577,-0.102189,0,0.051242,0.189181,0.980604,0,56.2807,38.5536,-68.8568,1
0.722285,0.671214,-0.166663,0,-0.689709,0.716874,-0.101945,0,0.0510495,0.188582,0.98073,0,56.2765,38.5463,-68.9544,1
0.722475,0.671128,-0.166183,0,-0.68952,0.717091,-0.1017,0,0.0509149,0.188062,0.980837,0,56.2467,38.5154,-69.0171,1
0.722726,0.670986,-0.165662,0,-0.689271,0.717355,-0.101524,0,0.0507173,0.18756,0.980943,0,56.2366,38.5089,-69.1357,1
0.723012,0.670795,-0.165191,0,-0.688979,0.717669,-0.101287,0,0.0506097,0.187045,0.981047,0,56.2595,38.5205,-69.1926,1
0.723181,0.670694,-0.16486,0,-0.688807,0.717861,-0.1011,0,0.0505396,0.186671,0.981122,0,56.2468,38.5124,-69.2317,1
0.72338,0.670621,-0.164284,0,-0.688609,0.718096,-0.100773,0,0.0503911,0.186025,0.981252,0,56.2432,38.461,-69.3107,1
0.723715,0.670397,-0.163724,0,-0.688275,0.718434,-0.100649,0,0.0501504,0.185528,0.981358,0,56.2139,38.4747,-69.4283,1
0.724019,0.670162,-0.163336,0,-0.687958,0.718768,-0.100429,0,0.0500969,0.185081,0.981445,0,56.2314,38.4911,-69.4847,1
0.724212,0.670088,-0.162784,0,-0.687764,0.719,-0.100096,0,0.049969,0.184448,0.981571,0,56.2164,38.4511,-69.5412,1
0.724389,0.669997,-0.16237,0,-0.687589,0.71919,-0.099936,0,0.0498182,0.184037,0.981656,0,56.2127,38.4261,-69.6284,1
0.724613,0.669856,-0.161953,0,-0.687362,0.719432,-0.099756,0,0.0496917,0.183605,0.981743,0,56.2179,38.4302,-69.6903,1
0.724789,0.669824,-0.161295,0,-0.687199,0.719613,-0.0995718,0,0.049374,0.18301,0.98187,0,56.1552,38.3936,-69.7891,1
0.72503,0.669676,-0.160825,0,-0.686952,0.719885,-0.0993099,0,0.0492701,0.182482,0.981974,0,56.1826,38.4075,-69.8399,1
0.725194,0.669582,-0.160482,0,-0.686782,0.720083,-0.0990466,0,0.0492408,0.182044,0.982057,0,56.1964,38.3707,-69.8715,1
0.725451,0.669472,-0.159776,0,-0.686531,0.720357,-0.0987946,0,0.0489557,0.181362,0.982197,0,56.1587,38.347,-70.0065,1
0.725657,0.669347,-0.159366,0,-0.686318,0.720598,-0.0985244,0,0.0488914,0.18087,0.982291,0,56.1579,38.328,-70.0482,1
0.725879,0.669201,-0.158964,0,-0.686087,0.72085,-0.0982813,0,0.0488196,0.180404,0.98238,0,56.1774,38.3263,-70.1,1
0.726038,0.669123,-0.158565,0,-0.68593,0.721019,-0.0981369,0,0.0486628,0.180016,0.982459,0,56.1575,38.2992,-70.1757,1
0.726269,0.668965,-0.158177,0,-0.685692,0.721275,-0.097923,0,0.0485821,0.179579,0.982543,0,56.161,38.3043,-70.2249,1
0.726411,0.668913,-0.157742,0,-0.685551,0.721437,-0.0977123,0,0.0484396,0.179119,0.982634,0,56.1473,38.2818,-70.2887,1
0.726598,0.668799,-0.157364,0,-0.685358,0.721652,-0.0974812,0,0.0483664,0.17868,0.982718,0,56.1686,38.2845,-70.3399,1
0.726892,0.668622,-0.156756,0,-0.68506,0.721971,-0.0972136,0,0.048174,0.178051,0.982841,0,56.1431,38.2668,-70.4485,1
0.726965,0.668622,-0.156418,0,-0.68499,0.72206,-0.0970414,0,0.0480595,0.177691,0.982912,0,56.1257,38.2345,-70.4938,1
0.72722,0.668446,-0.155983,0,-0.684723,0.722353,-0.0967465,0,0.0480052,0.177161,0.98301,0,56.1492,38.2312,-70.5361,1
0.727439,0.668284,-0.155656,0,-0.684498,0.722585,-0.0966095,0,0.0479119,0.176823,0.983076,0,56.143,38.2444,-70.5877,1
0.727632,0.668158,-0.155297,0,-0.684297,0.722804,-0.0963907,0,0.0478451,0.176406,0.983154,0,56.135,38.2135,-70.6353,1
0.727703,0.668142,-0.155029,0,-0.684227,0.72289,-0.0962442,0,0.0477642,0.176112,0.983211,0,56.1316,38.2015,-70.6707,1
0.727882,0.668032,-0.154667,0,-0.684043,0.723091,-0.0960417,0,0.0476794,0.175706,0.983287,0,56.1324,38.1894,-70.7196,1
0.728105,0.667847,-0.154417,0,-0.683809,0.723329,-0.0959199,0,0.0476344,0.175431,0.983339,0,56.1544,38.2061,-70.7725,1
0.728326,0.667747,-0.1538,0,-0.683588,0.723574,-0.0956481,0,0.0474165,0.174799,0.983462,0,56.1234,38.1805,-70.8697,1
0.728443,0.667703,-0.153439,0,-0.683472,0.723705,-0.0954821,0,0.0472908,0.174424,0.983534,0,56.1027,38.1591,-70.921,1
0.728543,0.667663,-0.153138,0,-0.683372,0.723819,-0.0953333,0,0.0471934,0.174104,0.983596,0,56.1225,38.1422,-70.9719,1
0.72872,0.667529,-0.152882,0,-0.683184,0.724023,-0.0951297,0,0.0471885,0.17377,0.983655,0,56.1365,38.1506,-71.0091,1
0.728831,0.667498,-0.152485,0,-0.683075,0.724153,-0.0949287,0,0.0470577,0.173346,0.983736,0,56.1291,38.1293,-71.0526,1
0.728934,0.667457,-0.15217,0,-0.682968,0.724284,-0.0946963,0,0.0470089,0.172955,0.983807,0,56.1151,38.0858,-71.0766,1
0.729123,0.667323,-0.151855,0,-0.682776,0.724475,-0.0946238,0,0.0468708,0.172676,0.983863,0,56.1167,38.1021,-71.1455,1
0.729296,0.66723,-0.151433,0,-0.682597,0.72468,-0.0943434,0,0.0467918,0.172172,0.983955,0,56.1202,38.0652,-71.1923,1
0.729366,0.66722,-0.151135,0,-0.68253,0.724757,-0.0942309,0,0.0466637,0.171883,0.984011,0,56.1085,38.058,-71.2478,1
0.729611,0.667022,-0.150831,0,-0.682278,0.725001,-0.0941799,0,0.0465327,0.171623,0.984063,0,56.1028,38.0858,-71.3175,1
0.729698,0.666998,-0.150511,0,-0.682188,0.725116,-0.0939452,0,0.0464766,0.171228,0.984134,0,56.0849,38.057,-71.3407,1
0.729833,0.666917,-0.15022,0,-0.682047,0.725273,-0.0937563,0,0.046423,0.170884,0.984197,0,56.1043,38.047,-71.3792,1
0.729971,0.666831,-0.149933,0,-0.681901,0.725443,-0.0935066,0,0.0464147,0.170496,0.984264,0,56.1144,38.0404,-71.3918,1
0.730139,0.666707,-0.14966,0,-0.68173,0.725608,-0.0934762,0,0.0462735,0.170278,0.984309,0,56.1151,38.0435,-71.4547,1
0.730158,0.666736,-0.149436,0,-0.681711,0.725651,-0.0932792,0,0.0462457,0.169981,0.984362,0,56.1082,38.0151,-71.4862,1
0.730321,0.666632,-0.149107,0,-0.681545,0.725822,-0.0931586,0,0.0461226,0.169659,0.984423,0,56.0999,38.0067,-71.5327,1
0.730395,0.666591,-0.148928,0,-0.681468,0.72591,-0.0930367,0,0.0460907,0.169443,0.984462,0,56.1036,37.9962,-71.5611,1
0.730522,0.666501,-0.148709,0,-0.681339,0.726038,-0.0929838,0,0.0459945,0.169248,0.9845,0,56.0966,38.0011,-71.6097,1
0.730715,0.666348,-0.148447,0,-0.681137,0.72624,-0.0928828,0,0.0459161,0.168984,0.984549,0,56.0872,38.0125,-71.6566,1
0.730731,0.666391,-0.148175,0,-0.681123,0.726283,-0.0926549,0,0.0458728,0.168631,0.984611,0,56.1072,37.9648,-71.6758,1
0.730935,0.666228,-0.147897,0,-0.68091,0.726494,-0.0925671,0,0.0457752,0.168365,0.984661,0,56.0816,37.9836,-71.7277,1
0.731002,0.666212,-0.147643,0,-0.680843,0.726577,-0.0924054,0,0.0457128,0.16807,0.984715,0,56.1037,37.9739,-71.7508,1
0.731135,0.666112,-0.147429,0,-0.680701,0.726729,-0.0922561,0,0.045688,0.167807,0.984761,0,56.0872,37.9485,-71.7866,1
0.731234,0.666057,-0.14719,0,-0.680599,0.726841,-0.0921231,0,0.0456245,0.167541,0.984809,0,56.1054,37.9534,-71.8185,1
0.731404,0.665921,-0.14696,0,-0.680424,0.727008,-0.0921038,0,0.0455075,0.167361,0.984845,0,56.0839,37.9766,-71.8735,1
0.731458,0.665914,-0.146723,0,-0.680373,0.727066,-0.0920198,0,0.0453999,0.167135,0.984888,0,56.0777,37.9603,-71.9284,1
0.731615,0.665787,-0.146514,0,-0.680205,0.727241,-0.091878,0,0.0453799,0.166879,0.984932,0,56.079,37.9577,-71.9382,1
0.731605,0.665826,-0.146386,0,-0.680215,0.727254,-0.0917023,0,0.0454023,0.166664,0.984968,0,56.1002,37.9247,-71.9364,1
0.731735,0.665733,-0.146161,0,-0.680084,0.727378,-0.0916893,0,0.0452739,0.166494,0.985002,0,56.086,37.934,-71.9961,1
0.731889,0.665613,-0.145939,0,-0.679917,0.727559,-0.0914881,0,0.0452835,0.166186,0.985054,0,56.101,37.9381,-72.0128,1
0.731954,0.665585,-0.145739,0,-0.679853,0.72763,-0.091409,0,0.0452035,0.165988,0.985091,0,56.0915,37.9261,-72.0349,1
0.731976,0.665603,-0.145544,0,-0.679834,0.72766,-0.0913065,0,0.0451328,0.16578,0.985129,0,56.0907,37.9022,-72.0665,1
0.731978,0.665635,-0.145389,0,-0.679836,0.727668,-0.0912272,0,0.0450708,0.165617,0.98516,0,56.0621,37.8758,-72.0772,1
0.732106,0.665536,-0.145196,0,-0.679698,0.727818,-0.0910585,0,0.0450737,0.165354,0.985204,0,56.0837,37.8812,-72.0951,1
0.732136,0.66553,-0.145071,0,-0.679668,0.727854,-0.0909932,0,0.0450317,0.16522,0.985228,0,56.0797,37.8704,-72.1169,1
0.73223,0.665472,-0.144869,0,-0.679575,0.727943,-0.0909753,0,0.044915,0.165064,0.98526,0,56.0613,37.8734,-72.1747,1
0.732292,0.665414,-0.144819,0,-0.679504,0.728024,-0.0908577,0,0.0449738,0.16494,0.985278,0,56.0886,37.8715,-72.1535,1
0.732391,0.665361,-0.144564,0,-0.679406,0.728123,-0.0908001,0,0.0448454,0.164719,0.985321,0,56.0688,37.8638,-72.2002,1
0.732418,0.665341,-0.144517,0,-0.679377,0.728157,-0.0907507,0,0.0448511,0.164649,0.985332,0,56.0808,37.852,-72.2188,1
0.732457,0.665337,-0.144337,0,-0.67934,0.728197,-0.0906951,0,0.0447632,0.164484,0.985363,0,56.074,37.8498,-72.2415,1
0.732565,0.665253,-0.144179,0,-0.679228,0.728309,-0.0906392,0,0.0447088,0.164329,0.985392,0,56.0657,37.8556,-72.27,1
0.732526,0.665305,-0.144138,0,-0.679269,0.72828,-0.0905665,0,0.0447183,0.164251,0.985404,0,56.0624,37.8254,-72.2667,1
0.732571,0.665278,-0.14403,0,-0.679223,0.728326,-0.0905376,0,0.0446681,0.164154,0.985423,0,56.0691,37.8372,-72.2984,1
0.732676,0.665195,-0.143882,0,-0.679112,0.728439,-0.0904605,0,0.0446356,0.16399,0.985451,0,56.0711,37.8344,-72.3137,1
0.732688,0.665202,-0.143785,0,-0.679097,0.728469,-0.0903296,0,0.0446557,0.163828,0.985478,0,56.0754,37.8184,-72.3087,1
0.732796,0.665109,-0.143663,0,-0.678986,0.728571,-0.0903453,0,0.044579,0.16375,0.985494,0,56.0687,37.8513,-72.3445,1
0.732805,0.665118,-0.143582,0,-0.678979,0.728584,-0.090293,0,0.0445559,0.163656,0.985511,0,56.0644,37.8259,-72.35,1
0.732844,0.665096,-0.143482,0,-0.67894,0.728619,-0.0903024,0,0.044484,0.163593,0.985524,0,56.0614,37.8304,-72.3808,1
0.732885,0.665053,-0.14347,0,-0.678891,0.72868,-0.0901769,0,0.0445711,0.16349,0.985538,0,56.081,37.8324,-72.3553,1
0.732965,0.664997,-0.143322,0,-0.678812,0.728751,-0.0901974,0,0.0444651,0.1634,0.985557,0,56.0638,37.8406,-72.4013,1
0.732952,0.665012,-0.143315,0,-0.678823,0.72875,-0.0901279,0,0.0445046,0.163345,0.985565,0,56.0841,37.8306,-72.3774,1
0.732929,0.665068,-0.143176,0,-0.678852,0.72873,-0.0900655,0,0.0444366,0.163207,0.985591,0,56.0513,37.7954,-72.3923,1
0.732963,0.665024,-0.143208,0,-0.678813,0.728769,-0.0900495,0,0.0444802,0.163214,0.985587,0,56.0722,37.8131,-72.3927,1
0.733108,0.664886,-0.143108,0,-0.678656,0.728925,-0.0899735,0,0.0444931,0.163082,0.985609,0,56.0874,37.8394,-72.3966,1
0.733065,0.664939,-0.143079,0,-0.678709,0.728861,-0.0900887,0,0.0443813,0.16315,0.985603,0,56.0605,37.822,-72.4359,1
0.733103,0.664901,-0.143063,0,-0.67867,0.728891,-0.0901335,0,0.0443477,0.16317,0.985601,0,56.0518,37.8321,-72.4483,1
0.733095,0.664911,-0.143055,0,-0.678674,0.728902,-0.0900148,0,0.0444212,0.163077,0.985613,0,56.0651,37.8243,-72.4193,1
0.733085,0.66494,-0.14297,0,-0.678685,0.728903,-0.0899295,0,0.0444135,0.162958,0.985633,0,56.0782,37.8074,-72.4221,1
0.733072,0.66496,-0.142951,0,-0.678705,0.728872,-0.090023,0,0.0443316,0.163015,0.985627,0,56.0546,37.8072,-72.4467,1
0.733062,0.664965,-0.142973,0,-0.678711,0.728876,-0.0899487,0,0.0443971,0.162975,0.985631,0,56.0588,37.8,-72.4343,1
0.73309,0.664945,-0.142923,0,-0.678685,0.728893,-0.0900088,0,0.0443249,0.162985,0.985632,0,56.053,37.8074,-72.4662,1
0.733086,0.664941,-0.142963,0,-0.678684,0.728904,-0.0899219,0,0.0444132,0.162947,0.985635,0,56.0642,37.8082,-72.4173,1
0.733114,0.664921,-0.142914,0,-0.678659,0.728921,-0.0899819,0,0.0443423,0.162957,0.985636,0,56.054,37.8093,-72.4415,1
0.733068,0.664969,-0.142923,0,-0.678706,0.728884,-0.0899286,0,0.0443744,0.162926,0.98564,0,56.0468,37.795,-72.4356,1
0.733126,0.66492,-0.142855,0,-0.678646,0.72894,-0.0899227,0,0.0443417,0.162873,0.98565,0,56.0624,37.807,-72.4557,1
0.733108,0.664954,-0.142792,0,-0.678667,0.728927,-0.0898743,0,0.0443225,0.162795,0.985664,0,56.0482,37.7917,-72.4629,1
0.733122,0.664937,-0.1428,0,-0.678655,0.728926,-0.0899627,0,0.0442714,0.162866,0.985654,0,56.0355,37.8077,-72.4697,1
0.733126,0.664941,-0.142754,0,-0.678651,0.728934,-0.0899317,0,0.0442592,0.162812,0.985664,0,56.0377,37.8007,-72.4704,1
0.733159,0.664931,-0.142637,0,-0.678616,0.728981,-0.089813,0,0.0442601,0.162643,0.985692,0,56.0553,37.8014,-72.4758,1
0.733171,0.664905,-0.142694,0,-0.678598,0.729003,-0.089774,0,0.044333,0.162651,0.985687,0,56.0733,37.7978,-72.4539,1
0.733183,0.664905,-0.142631,0,-0.678589,0.729007,-0.0898055,0,0.0442668,0.162632,0.985693,0,56.0477,37.8082,-72.4864,1
0.73321,0.664893,-0.142549,0,-0.678558,0.72905,-0.0896915,0,0.0442905,0.162491,0.985716,0,56.0597,37.8067,-72.4706,1
0.733237,0.664871,-0.142513,0,-0.678533,0.729064,-0.0897673,0,0.0442173,0.16252,0.985714,0,56.0732,37.8245,-72.5113,1
0.733245,0.664899,-0.142337,0,-0.678532,0.72907,-0.089731,0,0.0441115,0.162375,0.985743,0,56.0367,37.8054,-72.542,1
0.733275,0.664864,-0.142352,0,-0.678499,0.729101,-0.0897295,0,0.0441313,0.162382,0.985741,0,56.0464,37.8171,-72.5334,1
0.733287,0.664879,-0.142217,0,-0.678487,0.729124,-0.0896244,0,0.0441043,0.162213,0.98577,0,56.0394,37.8101,-72.5556,1
0.733325,0.664845,-0.142179,0,-0.678448,0.729161,-0.0896322,0,0.04408,0.162191,0.985774,0,56.045,37.8144,-72.5668,1
0.733349,0.664846,-0.142054,0,-0.678426,0.729186,-0.0895858,0,0.0440228,0.162071,0.985797,0,56.0445,37.814,-72.5868,1
0.733342,0.664862,-0.142011,0,-0.678432,0.729188,-0.0895245,0,0.0440309,0.161997,0.985808,0,56.0281,37.7999,-72.5912,1
0.73337,0.66486,-0.141879,0,-0.678408,0.729211,-0.0895191,0,0.0439422,0.161903,0.985828,0,56.0193,37.8044,-72.6109,1
0.733445,0.664796,-0.141791,0,-0.678325,0.729304,-0.0893961,0,0.0439788,0.161748,0.985852,0,56.0449,37.8216,-72.6251,1
0.733501,0.664784,-0.141557,0,-0.678277,0.72934,-0.089461,0,0.0437712,0.161635,0.985879,0,56.0127,37.8306,-72.6885,1
0.733505,0.664808,-0.141423,0,-0.678275,0.729355,-0.0893566,0,0.0437425,0.161467,0.985908,0,56.0067,37.8092,-72.7114,1
0.733575,0.66474,-0.141377,0,-0.678195,0.729443,-0.0892449,0,0.0438019,0.161349,0.985925,0,56.0357,37.834,-72.6967,1
0.733638,0.664719,-0.141149,0,-0.678135,0.729504,-0.0892015,0,0.0436745,0.16116,0.985961,0,56.0077,37.823,-72.7389,1
0.733675,0.664709,-0.141005,0,-0.678097,0.729553,-0.0890883,0,0.0436526,0.160977,0.985992,0,56.0227,37.8223,-72.7506,1
0.733734,0.664689,-0.140791,0,-0.678039,0.729614,-0.0890287,0,0.0435465,0.160785,0.986028,0,56.0109,37.826,-72.7863,1
0.733801,0.664635,-0.140701,0,-0.677964,0.729701,-0.088887,0,0.0435921,0.160616,0.986054,0,56.022,37.8345,-72.7907,1
0.733858,0.664628,-0.140437,0,-0.677916,0.729744,-0.0889073,0,0.043393,0.16045,0.98609,0,56.003,37.837,-72.8605,1
0.733885,0.664628,-0.140294,0,-0.677887,0.729787,-0.0887757,0,0.0433819,0.160255,0.986122,0,55.9925,37.82,-72.8659,1
0.733957,0.664585,-0.140122,0,-0.677811,0.729873,-0.0886484,0,0.0433568,0.16004,0.986158,0,56.0043,37.8359,-72.885,1
0.734045,0.664525,-0.139942,0,-0.677716,0.729977,-0.0885122,0,0.0433359,0.159813,0.986196,0,56.0333,37.8461,-72.9014,1
0.733995,0.664622,-0.139744,0,-0.677777,0.729934,-0.0884083,0,0.0432455,0.159606,0.986233,0,56.0034,37.8001,-72.9246,1
0.734082,0.664552,-0.139621,0,-0.67769,0.730006,-0.0884733,0,0.0431294,0.159567,0.986245,0,55.9922,37.8284,-72.9767,1
0.734094,0.664583,-0.139412,0,-0.67768,0.730033,-0.0883232,0,0.0430774,0.159314,0.986287,0,55.9705,37.8002,-72.9923,1
0.73418,0.664527,-0.139224,0,-0.677592,0.730123,-0.0882595,0,0.0429999,0.159135,0.98632,0,55.9929,37.8141,-73.035,1
0.73426,0.664507,-0.138901,0,-0.677511,0.730225,-0.0880417,0,0.0429243,0.158752,0.986385,0,55.9781,37.8081,-73.0675,1
0.734334,0.664474,-0.138663,0,-0.677435,0.730308,-0.0879269,0,0.0428414,0.158503,0.986429,0,55.9841,37.8105,-73.0969,1
0.734377,0.664476,-0.138427,0,-0.677395,0.730358,-0.0878303,0,0.04274,0.15827,0.98647,0,55.96,37.8126,-73.1489,1
0.734427,0.664466,-0.138208,0,-0.677342,0.730429,-0.0876412,0,0.0427167,0.15798,0.986518,0,55.9861,37.8019,-73.1673,1
0.734523,0.664406,-0.137984,0,-0.677247,0.730518,-0.0876346,0,0.0425749,0.157819,0.98655,0,55.9682,37.824,-73.2196,1
0.734559,0.664412,-0.137766,0,-0.677211,0.730571,-0.0874765,0,0.0425273,0.157553,0.986594,0,55.97,37.8055,-73.2324,1
0.734636,0.664378,-0.137518,0,-0.677134,0.730653,-0.0873831,0,0.0424223,0.157313,0.986637,0,55.979,37.8106,-73.2837,1
0.73478,0.664294,-0.137161,0,-0.67699,0.730793,-0.087321,0,0.0422292,0.157018,0.986693,0,55.9561,37.846,-73.37,1
0.734821,0.664328,-0.13677,0,-0.676949,0.730869,-0.0870046,0,0.0421614,0.156519,0.986775,0,55.9445,37.8074,-73.3878,1
0.734917,0.66427,-0.136541,0,-0.676845,0.730994,-0.0867694,0,0.0421722,0.156185,0.986827,0,55.9764,37.804,-73.3875,1
0.734956,0.664285,-0.136255,0,-0.676814,0.731027,-0.086734,0,0.0419897,0.155965,0.98687,0,55.9271,37.7994,-73.4561,1
0.73504,0.664241,-0.136015,0,-0.676729,0.731116,-0.0866492,0,0.0418869,0.155736,0.98691,0,55.9382,37.8064,-73.5115,1
0.735108,0.664219,-0.135756,0,-0.676661,0.731193,-0.086528,0,0.0417901,0.155468,0.986957,0,55.9353,37.8045,-73.553,1
0.735199,0.664167,-0.135514,0,-0.676567,0.731291,-0.0864246,0,0.0416995,0.155223,0.986999,0,55.9245,37.8215,-73.5941,1
0.735328,0.66413,-0.134994,0,-0.676439,0.731439,-0.0861823,0,0.0415036,0.154687,0.987091,0,55.9268,37.813,-73.6854,1
0.735426,0.664081,-0.134703,0,-0.67634,0.731542,-0.086077,0,0.0413788,0.154408,0.98714,0,55.9241,37.8298,-73.7301,1
0.735472,0.664071,-0.134497,0,-0.676295,0.731597,-0.0859771,0,0.0413025,0.154193,0.987177,0,55.8919,37.8231,-73.7571,1
0.735543,0.664046,-0.134235,0,-0.676225,0.731671,-0.0858857,0,0.0411837,0.153946,0.987221,0,55.9014,37.821,-73.8215,1
0.735606,0.66404,-0.133921,0,-0.676162,0.731752,-0.0856948,0,0.041092,0.15359,0.98728,0,55.8997,37.8128,-73.8453,1
0.735705,0.663991,-0.13362,0,-0.676062,0.731856,-0.0855931,0,0.0409574,0.153306,0.987329,0,55.8804,37.8192,-73.9022,1
0.735834,0.663905,-0.133333,0,-0.675925,0.732008,-0.0853792,0,0.040917,0.152948,0.987387,0,55.8979,37.8303,-73.9264,1
0.735918,0.663894,-0.132925,0,-0.675843,0.732106,-0.0851865,0,0.0407604,0.152527,0.987458,0,55.8731,37.8156,-73.9942,1
0.736029,0.663867,-0.132449,0,-0.675731,0.732242,-0.0849069,0,0.0406176,0.151993,0.987547,0,55.8623,37.7968,-74.071,1
0.736139,0.66382,-0.132071,0,-0.675617,0.732371,-0.0846979,0,0.0405006,0.151579,0.987615,0,55.8718,37.8006,-74.1097,1
0.736257,0.663742,-0.131801,0,-0.675495,0.732495,-0.084599,0,0.040392,0.151318,0.98766,0,55.873,37.8311,-74.1724,1
0.736349,0.663718,-0.131413,0,-0.675406,0.732596,-0.0844415,0,0.0402276,0.150936,0.987725,0,55.8492,37.8254,-74.2229,1
0.736443,0.663699,-0.130977,0,-0.675308,0.732723,-0.0841236,0,0.0401369,0.150402,0.98781,0,55.8528,37.8053,-74.2671,1
0.73651,0.663711,-0.130542,0,-0.675248,0.732794,-0.0839851,0,0.0399184,0.150004,0.987879,0,55.8153,37.7914,-74.3494,1
0.736604,0.663656,-0.130287,0,-0.675148,0.732907,-0.0838038,0,0.0398714,0.149693,0.987928,0,55.8351,37.7918,-74.3823,1
0.736798,0.663567,-0.129643,0,-0.674953,0.73311,-0.0835949,0,0.0395719,0.149096,0.988031,0,55.8196,37.8141,-74.4962,1
0.736937,0.663486,-0.129268,0,-0.674812,0.733255,-0.0834667,0,0.0394077,0.148742,0.988091,0,55.7995,37.8394,-74.5671,1
0.73704,0.663434,-0.128949,0,-0.674705,0.733374,-0.0832859,0,0.0393134,0.148388,0.988147,0,55.8167,37.8471,-74.6197,1
0.737136,0.663425,-0.128443,0,-0.674613,0.73348,-0.0830903,0,0.0390865,0.147899,0.98823,0,55.7969,37.8329,-74.7066,1
0.73724,0.663401,-0.127973,0,-0.674505,0.733619,-0.0827383,0,0.0389947,0.147316,0.98832,0,55.7919,37.8174,-74.7459,1
0.737342,0.663366,-0.127563,0,-0.674404,0.733727,-0.082606,0,0.0387986,0.146938,0.988384,0,55.7582,37.8122,-74.827,1
0.737437,0.663341,-0.127147,0,-0.674308,0.733845,-0.0823427,0,0.0386851,0.146459,0.98846,0,55.762,37.8092,-74.8861,1
0.737634,0.663223,-0.126612,0,-0.674106,0.734047,-0.0821945,0,0.038426,0.14598,0.988541,0,55.7504,37.838,-74.9829,1
0.737657,0.663251,-0.126333,0,-0.674084,0.734092,-0.0819755,0,0.03837,0.145629,0.988595,0,55.7477,37.8096,-75.0062,1
0.73782,0.663146,-0.125936,0,-0.673915,0.734264,-0.0818223,0,0.0382098,0.14524,0.988658,0,55.747,37.8273,-75.0779,1
0.737926,0.663127,-0.125406,0,-0.673808,0.734395,-0.0815209,0,0.0380387,0.144656,0.988751,0,55.7341,37.8059,-75.1571,1
0.737991,0.663138,-0.124966,0,-0.673745,0.734483,-0.0812519,0,0.0379045,0.144159,0.988828,0,55.74,37.785,-75.2031,1
0.738117,0.663076,-0.124557,0,-0.673618,0.734614,-0.0811194,0,0.0377129,0.143779,0.988891,0,55.7161,37.7927,-75.2769,1
0.738253,0.66301,-0.124096,0,-0.673479,0.734762,-0.0809364,0,0.0375193,0.143328,0.988964,0,55.7099,37.7994,-75.3696,1
0.738398,0.66295,-0.123552,0,-0.673329,0.734938,-0.0805885,0,0.037377,0.142698,0.98906,0,55.7031,37.7918,-75.4302,1
0.738595,0.662856,-0.122876,0,-0.673127,0.735155,-0.0802958,0,0.0371085,0.142018,0.989168,0,55.6883,37.7916,-75.5399,1
0.738726,0.662798,-0.122403,0,-0.672991,0.735311,-0.0800043,0,0.0369775,0.141477,0.989251,0,55.6857,37.7904,-75.6047,1
0.738855,0.662765,-0.121801,0,-0.672865,0.735448,-0.0798061,0,0.0366858,0.140921,0.989341,0,55.6474,37.7874,-75.713,1
0.738991,0.662691,-0.121378,0,-0.672718,0.73562,-0.079455,0,0.036634,0.14037,0.989421,0,55.6744,37.7954,-75.7465,1
0.739103,0.662653,-0.120906,0,-0.672606,0.735745,-0.0792434,0,0.0364449,0.139891,0.989496,0,55.6668,37.7787,-75.8268,1
0.739243,0.6626,-0.120338,0,-0.672466,0.735894,-0.079049,0,0.0361785,0.13936,0.989581,0,55.6466,37.7871,-75.9335,1
0.739383,0.662533,-0.119845,0,-0.67232,0.73606,-0.0787512,0,0.036038,0.138802,0.989664,0,55.6431,37.7772,-76.0034,1
0.739571,0.662471,-0.119021,0,-0.672127,0.736284,-0.0782936,0,0.0357657,0.137901,0.9898,0,55.6365,37.7647,-76.1017,1
0.739681,0.662443,-0.118496,0,-0.672024,0.736387,-0.0782207,0,0.0354423,0.137491,0.989869,0,55.596,37.7606,-76.2318,1
0.739794,0.662409,-0.117977,0,-0.671905,0.736536,-0.0778364,0,0.0353348,0.136852,0.989961,0,55.6111,37.744,-76.2926,1
0.739951,0.662317,-0.117512,0,-0.671746,0.736691,-0.077744,0,0.035079,0.136465,0.990024,0,55.5876,37.7649,-76.3937,1
0.740069,0.662283,-0.116954,0,-0.671623,0.736843,-0.0773665,0,0.0349383,0.135806,0.990119,0,55.5722,37.7539,-76.4603,1
0.740163,0.662269,-0.116438,0,-0.671532,0.736944,-0.0771919,0,0.034686,0.135326,0.990194,0,55.5474,37.7421,-76.5583,1
0.740279,0.662215,-0.116008,0,-0.67141,0.737084,-0.0769121,0,0.0345754,0.134826,0.990266,0,55.5604,37.7248,-76.615,1
0.74046,0.662158,-0.115179,0,-0.671231,0.737277,-0.0766252,0,0.0341807,0.134049,0.990385,0,55.495,37.734,-76.7539,1
0.740649,0.662032,-0.114687,0,-0.671031,0.737485,-0.0763775,0,0.0340153,0.133527,0.990461,0,55.5205,37.752,-76.841,1
0.740868,0.661892,-0.11408,0,-0.670797,0.737735,-0.0760112,0,0.0338495,0.132839,0.990559,0,55.5507,37.7597,-76.9298,1
0.74097,0.661873,-0.113521,0,-0.670696,0.737851,-0.0757752,0,0.0336079,0.132285,0.990642,0,55.4985,37.7418,-77.009,1
0.741117,0.661799,-0.112991,0,-0.670545,0.738011,-0.0755541,0,0.0333873,0.13176,0.990719,0,55.483,37.7453,-77.104,1
0.741287,0.661694,-0.112495,0,-0.670365,0.738206,-0.0752552,0,0.0332488,0.131199,0.990798,0,55.5217,37.7603,-77.1717,1
0.74138,0.661675,-0.111992,0,-0.670271,0.738317,-0.0749972,0,0.0330618,0.130666,0.990875,0,55.4869,37.7517,-77.2413,1
0.741493,0.66163,-0.111511,0,-0.670153,0.738453,-0.0747152,0,0.0329119,0.13013,0.990951,0,55.5009,37.7441,-77.3054,1
0.741718,0.661533,-0.110585,0,-0.66992,0.738714,-0.0742163,0,0.0325942,0.129131,0.991092,0,55.4807,37.7314,-77.435,1
0.741812,0.661503,-0.110133,0,-0.669827,0.738812,-0.0740899,0,0.032357,0.128731,0.991152,0,55.4561,37.7213,-77.5294,1
0.741977,0.661405,-0.109606,0,-0.669653,0.738998,-0.0738067,0,0.0321825,0.128161,0.991231,0,55.4621,37.7341,-77.6114,1
0.742058,0.661394,-0.10912,0,-0.66957,0.7391,-0.0735349,0,0.0320152,0.127631,0.991305,0,55.4335,37.7225,-77.6826,1
0.742209,0.661296,-0.108691,0,-0.669411,0.739263,-0.0733353,0,0.0318549,0.127189,0.991367,0,55.4447,37.7326,-77.7505,1
0.742346,0.661232,-0.108138,0,-0.669269,0.739418,-0.0730757,0,0.0316392,0.126621,0.991446,0,55.4525,37.7372,-77.8371,1
0.742466,0.661179,-0.107639,0,-0.669147,0.739546,-0.0728999,0,0.0314039,0.126152,0.991514,0,55.4161,37.7255,-77.9304,1
0.742644,0.661079,-0.107022,0,-0.668958,0.739752,-0.072542,0,0.0312135,0.125466,0.991607,0,55.4234,37.7436,-78.0159,1
0.7428,0.660981,-0.106547,0,-0.668795,0.739917,-0.0723595,0,0.0310078,0.125007,0.991671,0,55.4148,37.7628,-78.1066,1
0.742897,0.660943,-0.106106,0,-0.668697,0.740023,-0.0721809,0,0.0308137,0.124576,0.991732,0,55.4028,37.7515,-78.1885,1
0.742989,0.660893,-0.10577,0,-0.668599,0.740128,-0.0720123,0,0.0306905,0.124222,0.99178,0,55.4041,37.755,-78.2327,1
0.743073,0.660862,-0.105375,0,-0.66851,0.740239,-0.0717048,0,0.0306154,0.123726,0.991844,0,55.3989,37.7393,-78.2646,1
0.74317,0.660833,-0.104871,0,-0.668409,0.740357,-0.071415,0,0.0304486,0.12317,0.991918,0,55.3955,37.7295,-78.3333,1
0.7433,0.660757,-0.104428,0,-0.668275,0.740493,-0.0712666,0,0.0302386,0.122759,0.991976,0,55.3798,37.7482,-78.417,1
0.743433,0.660664,-0.104068,0,-0.668132,0.74064,-0.071073,0,0.0301219,0.122369,0.992027,0,55.3862,37.762,-78.4761,1
0.743555,0.66062,-0.103476,0,-0.668006,0.740783,-0.0707721,0,0.0298995,0.121745,0.992111,0,55.3703,37.7473,-78.5619,1
0.743688,0.660533,-0.103072,0,-0.667866,0.740921,-0.0706457,0,0.0297045,0.121377,0.992162,0,55.3557,37.7675,-78.6563,1
0.743763,0.660534,-0.102525,0,-0.667791,0.741022,-0.070296,0,0.0295405,0.120749,0.992243,0,55.3358,37.724,-78.7081,1
0.743892,0.660452,-0.10212,0,-0.667653,0.741166,-0.0700898,0,0.0293972,0.12032,0.9923,0,55.3578,37.7326,-78.7817,1
0.743976,0.660401,-0.101838,0,-0.667562,0.741267,-0.0698819,0,0.029339,0.119974,0.992343,0,55.3587,37.74,-78.7915,1
0.744095,0.660331,-0.101415,0,-0.667439,0.741389,-0.0697686,0,0.0291179,0.119603,0.992395,0,55.3293,37.7625,-78.8954,1
0.74416,0.66033,-0.100949,0,-0.667376,0.741465,-0.0695639,0,0.028915,0.119137,0.992457,0,55.3098,37.7278,-78.9775,1
0.744349,0.660195,-0.10044,0,-0.667175,0.741663,-0.069378,0,0.0286897,0.118652,0.992521,0,55.2974,37.764,-79.0628,1
0.7444,0.660196,-0.100046,0,-0.667121,0.741738,-0.0690892,0,0.0285955,0.118173,0.992581,0,55.3161,37.7283,-79.1024,1
0.744466,0.660176,-0.0996889,0,-0.667051,0.741823,-0.0688526,0,0.0284967,0.117756,0.992634,0,55.313,37.72,-79.1459,1
0.744611,0.660066,-0.0993337,0,-0.666897,0.74197,-0.06876,0,0.0283165,0.117445,0.992676,0,55.2927,37.7481,-79.2285,1
0.744672,0.660054,-0.0989574,0,-0.666835,0.742047,-0.0685366,0,0.0281932,0.117025,0.992729,0,55.2915,37.7359,-79.2788,1
0.744751,0.660022,-0.0985745,0,-0.666753,0.742139,-0.0683363,0,0.0280524,0.116618,0.992781,0,55.2902,37.7189,-79.3321,1
0.744889,0.659917,-0.0982368,0,-0.666607,0.742272,-0.0683095,0,0.0278399,0.116368,0.992816,0,55.271,37.7544,-79.4191,1
0.744946,0.659888,-0.0979949,0,-0.666546,0.742343,-0.0681429,0,0.027779,0.116081,0.992851,0,55.2738,37.754,-79.4452,1
0.745003,0.659903,-0.0974618,0,-0.66649,0.742421,-0.0678384,0,0.0275909,0.115497,0.992924,0,55.2432,37.7199,-79.5187,1
0.745108,0.659816,-0.0972475,0,-0.666376,0.742533,-0.0677293,0,0.0275206,0.115269,0.992953,0,55.2499,37.7321,-79.552,1
0.745166,0.659811,-0.0968384,0,-0.666318,0.742601,-0.0675531,0,0.02734,0.114863,0.993005,0,55.2421,37.712,-79.6212,1
0.745275,0.659736,-0.0965067,0,-0.666203,0.742714,-0.0674531,0,0.0271756,0.114564,0.993044,0,55.2219,37.7402,-79.6971,1
0.745386,0.659641,-0.096295,0,-0.666081,0.742834,-0.0673322,0,0.0271161,0.114329,0.993073,0,55.2521,37.7644,-79.7258,1
0.745415,0.659654,-0.0959881,0,-0.666056,0.742863,-0.0672585,0,0.0269387,0.114069,0.993108,0,55.2167,37.7416,-79.7918,1
0.745522,0.659573,-0.0957097,0,-0.665939,0.742985,-0.0670689,0,0.026874,0.113738,0.993147,0,55.2185,37.763,-79.8141,1
0.745589,0.659575,-0.0951782,0,-0.665873,0.743067,-0.0668142,0,0.0266548,0.113193,0.993215,0,55.1911,37.7356,-79.8962,1
0.745677,0.659506,-0.0949607,0,-0.665777,0.743163,-0.0667042,0,0.0265795,0.112962,0.993244,0,55.2084,37.7482,-79.9415,1
0.745668,0.659547,-0.0947477,0,-0.66579,0.743165,-0.0665508,0,0.0265198,0.112707,0.993274,0,55.2169,37.7114,-79.9641,1
0.745805,0.659433,-0.0944606,0,-0.665642,0.743303,-0.0664948,0,0.0263639,0.112469,0.993305,0,55.207,37.7434,-80.0375,1
0.745871,0.659414,-0.0940761,0,-0.665576,0.743372,-0.0663744,0,0.0261654,0.112122,0.99335,0,55.1742,37.741,-80.1123,1
0.745906,0.659421,-0.093748,0,-0.665539,0.743433,-0.0660724,0,0.0261258,0.111677,0.993401,0,55.1917,37.7104,-80.1302,1
0.745959,0.659399,-0.0934802,0,-0.665484,0.743494,-0.0659419,0,0.0260199,0.111399,0.993435,0,55.1716,37.6966,-80.1615,1
0.746064,0.659317,-0.0932173,0,-0.665368,0.743613,-0.0657693,0,0.0259548,0.111092,0.993471,0,55.2025,37.7114,-80.2013,1
0.74612,0.659289,-0.0929646,0,-0.665311,0.743666,-0.0657351,0,0.0257962,0.110897,0.993497,0,55.1838,37.72,-80.278,1
0.746178,0.659258,-0.0927161,0,-0.66525,0.743734,-0.0655909,0,0.0257148,0.110622,0.99353,0,55.1614,37.7101,-80.31,1
0.746219,0.65924,-0.0925162,0,-0.665207,0.743779,-0.0655162,0,0.0256207,0.110432,0.993553,0,55.1649,37.7151,-80.3379,1
0.746322,0.65916,-0.092257,0,-0.665097,0.743881,-0.065474,0,0.0254704,0.110225,0.99358,0,55.1673,37.7348,-80.3922,1
0.746324,0.659183,-0.0920736,0,-0.665096,0.743899,-0.065287,0,0.0254574,0.109963,0.993609,0,55.1495,37.7099,-80.408,1
0.746403,0.659118,-0.0919049,0,-0.665011,0.743977,-0.0652577,0,0.0253627,0.109826,0.993627,0,55.1563,37.7302,-80.4489,1
0.746416,0.65913,-0.0917089,0,-0.664998,0.744001,-0.0651219,0,0.0253077,0.109594,0.993654,0,55.155,37.7132,-80.4671,1
0.746484,0.659102,-0.0913526,0,-0.664927,0.744077,-0.0649667,0,0.0251537,0.109239,0.993697,0,55.1421,37.7089,-80.526,1
0.74656,0.65905,-0.091113,0,-0.664847,0.744157,-0.0648804,0,0.0250429,0.109013,0.993725,0,55.1359,37.7153,-80.567,1
0.746594,0.659028,-0.0909882,0,-0.664806,0.744211,-0.0646727,0,0.0250933,0.108774,0.99375,0,55.1558,37.7029,-80.5508,1
0.746652,0.658985,-0.0908251,0,-0.664747,0.744261,-0.0647124,0,0.0249531,0.108693,0.993762,0,55.1352,37.7177,-80.6196,1
0.746674,0.658985,-0.0906445,0,-0.664725,0.744288,-0.0646252,0,0.0248786,0.108508,0.993784,0,55.1195,37.7168,-80.6327,1
0.746747,0.658921,-0.0905088,0,-0.664644,0.744367,-0.0645495,0,0.0248387,0.108358,0.993802,0,55.1453,37.7297,-80.6561,1
0.746778,0.658912,-0.0903254,0,-0.664613,0.744401,-0.064474,0,0.0247557,0.108179,0.993823,0,55.1124,37.7255,-80.693,1
0.746845,0.658872,-0.0900532,0,-0.664541,0.744478,-0.0643231,0,0.0246619,0.107883,0.993858,0,55.1239,37.7161,-80.7316,1
0.746903,0.658834,-0.0898585,0,-0.66448,0.744534,-0.0642987,0,0.0245406,0.107734,0.993877,0,55.1026,37.7251,-80.778,1
0.746891,0.658869,-0.0896988,0,-0.664496,0.744528,-0.0642161,0,0.0244732,0.107567,0.993897,0,55.0986,37.7026,-80.7908,1
0.746934,0.658833,-0.0896084,0,-0.664447,0.744582,-0.0640922,0,0.0244947,0.107413,0.993913,0,55.1242,37.7048,-80.8103,1
0.747002,0.658775,-0.0894619,0,-0.664373,0.74465,-0.0640699,0,0.0244101,0.107296,0.993927,0,55.1215,37.722,-80.8384,1
0.747019,0.658773,-0.0893305,0,-0.664355,0.744673,-0.0639834,0,0.0243715,0.107144,0.993945,0,55.1045,37.7182,-80.8514,1
0.747072,0.658732,-0.0891915,0,-0.6643,0.744724,-0.0639683,0,0.0242851,0.107039,0.993958,0,55.107,37.731,-80.8722,1
0.747091,0.658733,-0.0890223,0,-0.66428,0.744751,-0.0638597,0,0.024233,0.106845,0.99398,0,55.0955,37.7113,-80.9139,1
0.747119,0.658712,-0.0889471,0,-0.664249,0.744785,-0.0637829,0,0.0242319,0.106736,0.993992,0,55.1004,37.7152,-80.9241,1
0.747133,0.658706,-0.0888759,0,-0.664234,0.744799,-0.0637747,0,0.0241859,0.106683,0.993999,0,55.1019,37.7254,-80.9363,1
0.747177,0.658678,-0.0887109,0,-0.664187,0.744849,-0.0636857,0,0.0241278,0.106505,0.994019,0,55.0892,37.7206,-80.96,1
0.747153,0.658717,-0.0886225,0,-0.664216,0.744825,-0.06366,0,0.0240744,0.106428,0.994029,0,55.0898,37.7043,-80.9762,1
0.747245,0.658623,-0.0885492,0,-0.664113,0.744921,-0.0636147,0,0.024064,0.106343,0.994038,0,55.1097,37.7278,-80.9895,1
0.747237,0.658651,-0.0884056,0,-0.664127,0.744905,-0.0636609,0,0.0239235,0.106282,0.994048,0,55.0754,37.7178,-81.0386,1
0.747212,0.658684,-0.088369,0,-0.664154,0.744891,-0.0635461,0,0.0239684,0.106173,0.994059,0,55.0904,37.7062,-81.0125,1
0.74725,0.658657,-0.0882525,0,-0.664111,0.744938,-0.0634271,0,0.023966,0.106005,0.994077,0,55.0995,37.7078,-81.007,1
0.747282,0.658622,-0.0882411,0,-0.664074,0.744971,-0.0634301,0,0.0239606,0.105999,0.994078,0,55.0975,37.718,-81.0193,1
0.747286,0.658629,-0.0881533,0,-0.66407,0.744984,-0.0633247,0,0.0239653,0.105862,0.994092,0,55.0981,37.7125,-81.0125,1
0.747283,0.658641,-0.088093,0,-0.664075,0.744982,-0.0632949,0,0.023939,0.1058,0.994099,0,55.0889,37.7034,-81.0297,1
0.74732,0.658602,-0.0880645,0,-0.664035,0.745012,-0.0633615,0,0.0238791,0.105829,0.994098,0,55.0804,37.7219,-81.0528,1
0.747322,0.658602,-0.0880464,0,-0.664033,0.745013,-0.0633747,0,0.0238569,0.105827,0.994098,0,55.0845,37.7188,-81.0633,1
0.747332,0.658607,-0.0879299,0,-0.664024,0.745024,-0.0633358,0,0.0237965,0.10572,0.994111,0,55.0722,37.7108,-81.0764,1
0.747346,0.658591,-0.087931,0,-0.664008,0.745041,-0.063305,0,0.0238202,0.105698,0.994113,0,55.0938,37.7155,-81.0818,1
0.747346,0.65859,-0.0879314,0,-0.664008,0.745041,-0.0633056,0,0.0238201,0.105698,0.994113,0,55.0871,37.7143,-81.074,1
0.74736,0.658586,-0.0878552,0,-0.663993,0.745058,-0.0632589,0,0.0237958,0.105612,0.994123,0,55.0707,37.7177,-81.0823,1
0.747325,0.658621,-0.087882,0,-0.664032,0.745024,-0.0632542,0,0.0238136,0.105628,0.99412,0,55.0818,37.6879,-81.0772,1
0.747335,0.658612,-0.0878639,0,-0.664021,0.745033,-0.0632675,0,0.0237927,0.105625,0.994121,0,55.0723,37.6967,-81.0908,1
0.747386,0.658557,-0.0878509,0,-0.663965,0.745079,-0.0633011,0,0.0237685,0.10564,0.99412,0,55.0744,37.7177,-81.1023,1
0.747341,0.658604,-0.0878732,0,-0.664013,0.745041,-0.0632455,0,0.0238154,0.105615,0.994122,0,55.0784,37.7039,-81.0804,1
0.747328,0.658621,-0.0878543,0,-0.664029,0.745026,-0.0632591,0,0.02379,0.105613,0.994123,0,55.0708,37.6988,-81.083,1
0.747351,0.658598,-0.0878358,0,-0.664003,0.745055,-0.0631919,0,0.0238245,0.10555,0.994129,0,55.0888,37.703,-81.075,1
0.747383,0.658572,-0.0877557,0,-0.663969,0.745084,-0.0632063,0,0.0237595,0.105506,0.994135,0,55.0828,37.7199,-81.1009,1
0.747348,0.65861,-0.0877698,0,-0.664007,0.745053,-0.0631735,0,0.0237865,0.105492,0.994136,0,55.0797,37.7024,-81.078,1
0.747344,0.658621,-0.0877191,0,-0.664012,0.74505,-0.0631531,0,0.0237612,0.105444,0.994141,0,55.0725,37.6895,-81.0954,1
0.747389,0.658569,-0.0877266,0,-0.66396,0.7451,-0.0631117,0,0.0238017,0.105416,0.994143,0,55.0849,37.7088,-81.0872,1
0.747383,0.658586,-0.0876497,0,-0.663966,0.745105,-0.0629849,0,0.0238273,0.10527,0.994158,0,55.1033,37.6812,-81.0675,1
0.747422,0.65855,-0.0875881,0,-0.663924,0.74514,-0.0630176,0,0.0237651,0.105253,0.994161,0,55.0901,37.6971,-81.0899,1
0.747433,0.65855,-0.087503,0,-0.663911,0.745163,-0.0628824,0,0.0237927,0.105095,0.994177,0,55.1052,37.6813,-81.0696,1
0.747409,0.658577,-0.0874999,0,-0.663938,0.745139,-0.0628819,0,0.023787,0.105093,0.994178,0,55.1092,37.6831,-81.0775,1
0.74744,0.658554,-0.0874071,0,-0.663904,0.745172,-0.0628494,0,0.0237436,0.105006,0.994188,0,55.0972,37.6822,-81.0929,1
0.747436,0.658568,-0.0873325,0,-0.663909,0.745174,-0.0627724,0,0.023738,0.104899,0.994199,0,55.0737,37.6716,-81.1022,1
0.747503,0.658509,-0.0872063,0,-0.663837,0.74524,-0.0627556,0,0.0236644,0.104801,0.994212,0,55.0796,37.6957,-81.1218,1
0.74749,0.658529,-0.0871684,0,-0.663852,0.745228,-0.0627325,0,0.0236492,0.104759,0.994216,0,55.0657,37.6814,-81.1263,1
0.747488,0.658547,-0.0870496,0,-0.663855,0.745236,-0.0626124,0,0.0236393,0.10459,0.994235,0,55.0808,37.6641,-81.137,1
0.747532,0.658506,-0.0869835,0,-0.663806,0.745283,-0.0625748,0,0.0236215,0.104517,0.994243,0,55.068,37.6774,-81.1453,1
0.747555,0.658505,-0.0867888,0,-0.663783,0.74531,-0.0624894,0,0.023535,0.104323,0.994265,0,55.0666,37.6729,-81.1605,1
0.747579,0.658481,-0.0867601,0,-0.663755,0.745339,-0.0624445,0,0.0235471,0.10427,0.99427,0,55.0815,37.6827,-81.1703,1
0.747596,0.658483,-0.0866062,0,-0.663737,0.745367,-0.0623025,0,0.0235282,0.104061,0.994293,0,55.0731,37.6618,-81.1732,1
0.747602,0.658492,-0.0864798,0,-0.66373,0.745384,-0.0621742,0,0.0235194,0.103881,0.994312,0,55.0777,37.6495,-81.1717,1
0.747644,0.658457,-0.0863833,0,-0.663686,0.745421,-0.0622032,0,0.0234338,0.103837,0.994318,0,55.075,37.6568,-81.2088,1
0.747688,0.658421,-0.0862839,0,-0.663636,0.745476,-0.0620696,0,0.0234546,0.10367,0.994335,0,55.0911,37.6665,-81.212,1
0.7477,0.658431,-0.0860983,0,-0.663624,0.745497,-0.0619437,0,0.0234003,0.103452,0.994359,0,55.0709,37.6469,-81.2185,1
0.747697,0.658462,-0.0858911,0,-0.663629,0.745506,-0.0617802,0,0.0233524,0.103193,0.994387,0,55.0598,37.6162,-81.2199,1
0.747693,0.65848,-0.085783,0,-0.663633,0.745514,-0.0616389,0,0.0233645,0.103015,0.994405,0,55.0633,37.6001,-81.2195,1
0.74777,0.658417,-0.0855961,0,-0.663549,0.745597,-0.0615437,0,0.0232988,0.102818,0.994427,0,55.0557,37.6177,-81.2478,1
0.747816,0.658381,-0.0854716,0,-0.663497,0.745654,-0.0614147,0,0.0232979,0.102637,0.994446,0,55.083,37.6114,-81.2506,1
0.747811,0.658406,-0.0853282,0,-0.663505,0.745652,-0.0613502,0,0.0232318,0.102494,0.994462,0,55.0767,37.5981,-81.2713,1
0.747854,0.65837,-0.085221,0,-0.663456,0.745708,-0.0612092,0,0.0232516,0.102316,0.99448,0,55.0885,37.6084,-81.2669,1
0.747862,0.658388,-0.0850178,0,-0.66345,0.74572,-0.0611152,0,0.0231619,0.102111,0.994503,0,55.085,37.5922,-81.2898,1
0.747915,0.658362,-0.0847508,0,-0.663391,0.745795,-0.0608422,0,0.0231505,0.101728,0.994543,0,55.0889,37.5839,-81.2894,1
0.747932,0.658371,-0.0845308,0,-0.663375,0.745816,-0.060761,0,0.0230411,0.101521,0.994566,0,55.0743,37.5645,-81.3298,1
0.747951,0.658377,-0.0843122,0,-0.663355,0.745852,-0.060539,0,0.023027,0.101209,0.994599,0,55.0881,37.5446,-81.3352,1
0.747993,0.658352,-0.084137,0,-0.663308,0.745905,-0.0603909,0,0.0229997,0.100981,0.994623,0,55.0787,37.5388,-81.3426,1
0.748033,0.658334,-0.0839241,0,-0.663266,0.745949,-0.0603187,0,0.0228932,0.100784,0.994645,0,55.0701,37.5479,-81.3789,1
0.748087,0.658296,-0.0837414,0,-0.663209,0.746006,-0.0602423,0,0.0228144,0.100605,0.994665,0,55.0506,37.5464,-81.4086,1
0.74811,0.658294,-0.0835453,0,-0.663182,0.74605,-0.0599962,0,0.0228338,0.100289,0.994696,0,55.0809,37.5345,-81.395,1
0.748116,0.658317,-0.0833129,0,-0.663176,0.74607,-0.0598068,0,0.0227854,0.0999936,0.994727,0,55.0765,37.5028,-81.404,1
0.748179,0.658289,-0.0829677,0,-0.66311,0.746146,-0.0595981,0,0.0226732,0.0996067,0.994769,0,55.0582,37.4996,-81.438,1
0.748223,0.658268,-0.0827404,0,-0.663061,0.746205,-0.0593986,0,0.0226411,0.0993054,0.994799,0,55.0653,37.4915,-81.4533,1
0.748287,0.658225,-0.0825072,0,-0.662987,0.746296,-0.0590792,0,0.0226873,0.0989095,0.994838,0,55.1028,37.4724,-81.4363,1
0.748321,0.658215,-0.0822744,0,-0.662953,0.746332,-0.0590015,0,0.0225684,0.0986961,0.994862,0,55.0658,37.4734,-81.4804,1
0.748339,0.658217,-0.0820893,0,-0.662934,0.746362,-0.0588436,0,0.0225365,0.0984547,0.994886,0,55.0711,37.4509,-81.4965,1
0.748387,0.658179,-0.0819662,0,-0.662881,0.746415,-0.0587659,0,0.0225023,0.0983135,0.994901,0,55.0825,37.4585,-81.5071,1
0.74841,0.65819,-0.0816651,0,-0.662855,0.746462,-0.0584594,0,0.0224825,0.0978837,0.994944,0,55.0788,37.4259,-81.507,1
0.748486,0.658142,-0.0813507,0,-0.662773,0.74655,-0.0582652,0,0.0223857,0.0975278,0.994981,0,55.0845,37.4229,-81.541,1
0.748526,0.658129,-0.0810832,0,-0.662729,0.746604,-0.0580722,0,0.022318,0.0972048,0.995014,0,55.0774,37.4117,-81.5595,1
0.748573,0.658119,-0.0807292,0,-0.66268,0.746664,-0.0578555,0,0.0222019,0.0968068,0.995056,0,55.0642,37.3977,-81.6018,1
0.748615,0.658114,-0.0803908,0,-0.662635,0.74673,-0.0575256,0,0.0221719,0.0963343,0.995102,0,55.0613,37.367,-81.6025,1
0.748663,0.658089,-0.0801398,0,-0.662583,0.746787,-0.0573799,0,0.0220863,0.0960575,0.995131,0,55.0639,37.3525,-81.6478,1
0.748719,0.658045,-0.0799753,0,-0.66252,0.746855,-0.0572283,0,0.0220711,0.0958331,0.995153,0,55.082,37.3637,-81.6433,1
0.748717,0.658086,-0.0796613,0,-0.662527,0.746862,-0.0570523,0,0.0219506,0.0954937,0.995188,0,55.069,37.3338,-81.6864,1
0.748822,0.658025,-0.079174,0,-0.662409,0.746999,-0.0566191,0,0.0218862,0.0948432,0.995252,0,55.0692,37.3221,-81.6969,1
0.748868,0.658006,-0.0788983,0,-0.662359,0.747066,-0.0563377,0,0.0218716,0.0944484,0.995289,0,55.0813,37.3033,-81.7014,1
0.748938,0.657965,-0.0785773,0,-0.662284,0.747144,-0.0561849,0,0.0217408,0.0941195,0.995324,0,55.0676,37.3046,-81.7466,1
0.748965,0.657971,-0.0782593,0,-0.662256,0.747185,-0.0559714,0,0.0216466,0.0937484,0.99536,0,55.0454,37.2741,-81.7789,1
0.74905,0.657912,-0.0779417,0,-0.662159,0.747298,-0.0555984,0,0.0216668,0.0932559,0.995406,0,55.0828,37.2513,-81.7681,1
0.749099,0.657904,-0.077546,0,-0.662108,0.747363,-0.0553376,0,0.0215481,0.0927972,0.995452,0,55.063,37.2341,-81.8056,1
0.749152,0.657887,-0.0771743,0,-0.66205,0.747435,-0.0550536,0,0.0214637,0.0923367,0.995496,0,55.0585,37.2086,-81.8171,1
0.749207,0.657879,-0.0767072,0,-0.661994,0.747504,-0.0547854,0,0.0212967,0.0918253,0.995547,0,55.0531,37.1858,-81.8874,1
0.749243,0.657877,-0.0763685,0,-0.661951,0.747574,-0.0543442,0,0.0213393,0.0912693,0.995598,0,55.0742,37.1475,-81.8677,1
0.749332,0.65782,-0.0759926,0,-0.661855,0.747673,-0.0541514,0,0.0211958,0.0908735,0.995637,0,55.0517,37.1527,-81.9133,1
0.749387,0.657787,-0.0757334,0,-0.661795,0.74774,-0.0539671,0,0.02113,0.0905623,0.995667,0,55.0692,37.1473,-81.9371,1
0.749387,0.657819,-0.075461,0,-0.661798,0.747753,-0.0537541,0,0.0210657,0.0902225,0.995699,0,55.056,37.1172,-81.9663,1
0.749487,0.657747,-0.0750948,0,-0.661687,0.747872,-0.053459,0,0.0209988,0.089756,0.995742,0,55.0644,37.1206,-81.98,1
0.749532,0.657732,-0.0747694,0,-0.661639,0.747927,-0.0532874,0,0.0208732,0.089411,0.995776,0,55.0472,37.1091,-82.0168,1
0.749599,0.657695,-0.07442,0,-0.661565,0.748011,-0.0530096,0,0.0208029,0.0889696,0.995817,0,55.0505,37.0855,-82.0468,1
0.749688,0.657655,-0.0738682,0,-0.661465,0.74814,-0.0524456,0,0.0207726,0.0881791,0.995888,0,55.0725,37.0485,-82.0521,1
0.74978,0.657602,-0.0734133,0,-0.661366,0.748248,-0.0521564,0,0.0206332,0.0876589,0.995937,0,55.0615,37.0402,-82.0924,1
0.749868,0.657547,-0.0730078,0,-0.66127,0.748352,-0.0518868,0,0.0205175,0.087186,0.995981,0,55.0739,37.0443,-82.1272,1
0.749882,0.657578,-0.0725833,0,-0.661256,0.748391,-0.0515009,0,0.0204547,0.0866157,0.996032,0,55.0674,36.9851,-82.1422,1
0.749966,0.657537,-0.0720835,0,-0.661164,0.748496,-0.0511494,0,0.0203216,0.0860193,0.996086,0,55.0467,36.9681,-82.1994,1
0.750064,0.657461,-0.0717612,0,-0.661056,0.748608,-0.0509164,0,0.0202455,0.0856287,0.996121,0,55.068,36.9726,-82.2278,1
0.750177,0.657376,-0.0713544,0,-0.660932,0.748731,-0.0507083,0,0.0200908,0.0852006,0.996161,0,55.0615,36.9926,-82.2826,1
0.750156,0.657441,-0.0709687,0,-0.660956,0.748736,-0.050315,0,0.0200577,0.0846513,0.996209,0,55.0604,36.9244,-82.2713,1
0.750256,0.657373,-0.0705416,0,-0.660844,0.748862,-0.0499103,0,0.0200163,0.0840625,0.996259,0,55.0822,36.906,-82.293,1
0.750341,0.657329,-0.0700528,0,-0.660752,0.748964,-0.049586,0,0.0198727,0.0834939,0.99631,0,55.0691,36.8922,-82.329,1
0.750395,0.657313,-0.0696241,0,-0.660694,0.749041,-0.0492121,0,0.0198035,0.0829287,0.996359,0,55.064,36.8527,-82.3533,1
0.750482,0.657261,-0.0691762,0,-0.660597,0.74915,-0.0488501,0,0.0197161,0.0823587,0.996408,0,55.0584,36.8479,-82.3828,1
0.750529,0.657253,-0.0687313,0,-0.660546,0.74922,-0.0484764,0,0.0196336,0.081783,0.996457,0,55.0724,36.8181,-82.4046,1
0.750563,0.657248,-0.0684089,0,-0.660509,0.749266,-0.0482423,0,0.0195493,0.0813936,0.99649,0,55.0564,36.7979,-82.4357,1
0.750643,0.6572,-0.0679916,0,-0.660422,0.74936,-0.0479759,0,0.0194204,0.080916,0.996532,0,55.0516,36.7901,-82.4834,1
0.750765,0.657129,-0.0673361,0,-0.660288,0.749513,-0.0474315,0,0.0193007,0.0800712,0.996602,0,55.0537,36.7484,-82.5144,1
0.750858,0.657076,-0.0668123,0,-0.660186,0.749625,-0.0470728,0,0.0191538,0.0794536,0.996655,0,55.0564,36.7365,-82.5665,1
0.750905,0.657052,-0.0665083,0,-0.660134,0.749687,-0.0468263,0,0.0190931,0.0790665,0.996686,0,55.068,36.7165,-82.5849,1
0.750982,0.657008,-0.0660752,0,-0.660048,0.749787,-0.0464314,0,0.0190365,0.078482,0.996734,0,55.0823,36.6926,-82.604,1
0.751037,0.656988,-0.065659,0,-0.659989,0.749857,-0.0461351,0,0.0189247,0.0779833,0.996775,0,55.0543,36.6769,-82.6484,1
0.751086,0.656962,-0.0653516,0,-0.659936,0.749917,-0.0459177,0,0.0188422,0.077616,0.996805,0,55.0755,36.6705,-82.6657,1
0.751123,0.656957,-0.0649719,0,-0.659896,0.749967,-0.0456736,0,0.0187212,0.0771813,0.996841,0,55.0572,36.6493,-82.7047,1
0.751213,0.656912,-0.0643949,0,-0.659796,0.750091,-0.0450836,0,0.0186861,0.0763549,0.996906,0,55.0825,36.6025,-82.7149,1
0.751227,0.656928,-0.0640563,0,-0.659784,0.750109,-0.044963,0,0.0185118,0.0760408,0.996933,0,55.055,36.5866,-82.7615,1
0.751311,0.656861,-0.0637615,0,-0.659689,0.750212,-0.0446448,0,0.0185092,0.0756049,0.996966,0,55.0673,36.58,-82.7762,1
0.751368,0.656837,-0.0633263,0,-0.659628,0.75028,-0.0443908,0,0.0183549,0.0751256,0.997005,0,55.0392,36.5601,-82.8299,1
0.751447,0.656773,-0.063067,0,-0.659541,0.750366,-0.0442374,0,0.0182693,0.0748373,0.997028,0,55.0535,36.5622,-82.8492,1
0.751492,0.656752,-0.0627431,0,-0.659489,0.750433,-0.0438735,0,0.0182705,0.074349,0.997065,0,55.0599,36.5287,-82.8434,1
0.751529,0.656747,-0.0623476,0,-0.65945,0.750484,-0.0435821,0,0.0181685,0.0738683,0.997102,0,55.0494,36.5087,-82.8758,1
0.75163,0.656671,-0.0619387,0,-0.659338,0.7506,-0.0432743,0,0.0180742,0.0733647,0.997141,0,55.0643,36.4911,-82.9052,1
0.751686,0.656653,-0.0614392,0,-0.659275,0.750679,-0.0428604,0,0.0179767,0.072723,0.99719,0,55.0529,36.4626,-82.9428,1
0.751773,0.656581,-0.0611475,0,-0.659179,0.750776,-0.0426418,0,0.0179103,0.072364,0.997217,0,55.0671,36.4683,-82.9663,1
0.751749,0.656637,-0.0608314,0,-0.659208,0.750767,-0.0423666,0,0.0178507,0.0719496,0.997249,0,55.0449,36.4094,-82.9829,1
0.751806,0.656602,-0.0605089,0,-0.659145,0.750834,-0.0421328,0,0.0177676,0.0715598,0.997278,0,55.0549,36.3945,-83.0041,1
0.751868,0.656559,-0.0602045,0,-0.659075,0.75091,-0.0418853,0,0.017708,0.0711715,0.997307,0,55.0644,36.3867,-83.0336,1
0.751898,0.656548,-0.0599403,0,-0.659043,0.750947,-0.0417109,0,0.0176268,0.0708656,0.99733,0,55.0497,36.3787,-83.0618,1
0.75196,0.656507,-0.0596201,0,-0.658973,0.751027,-0.0413853,0,0.0176066,0.0704082,0.997363,0,55.0853,36.3667,-83.06,1
0.75199,0.65651,-0.059204,0,-0.658942,0.751071,-0.041088,0,0.0174918,0.0699098,0.9974,0,55.0574,36.338,-83.0896,1
0.752084,0.656427,-0.0589383,0,-0.658838,0.751171,-0.0409253,0,0.0174082,0.06961,0.997422,0,55.0551,36.3409,-83.1308,1
0.752109,0.656427,-0.0586175,0,-0.658811,0.751206,-0.0407103,0,0.0173105,0.0692364,0.99745,0,55.0528,36.3225,-83.1494,1
0.752131,0.656429,-0.0583079,0,-0.658787,0.751244,-0.0403935,0,0.017288,0.0687937,0.997481,0,55.0507,36.2833,-83.1507,1
0.752243,0.656328,-0.0580096,0,-0.658662,0.751362,-0.0402468,0,0.0171711,0.0684841,0.997504,0,55.0469,36.3086,-83.1955,1
0.752245,0.656344,-0.0577956,0,-0.658661,0.751374,-0.0400438,0,0.0171436,0.0681904,0.997525,0,55.046,36.2723,-83.2069,1
0.752275,0.656331,-0.0575578,0,-0.658629,0.751406,-0.0399453,0,0.0170319,0.0679591,0.997543,0,55.0314,36.2704,-83.244,1
0.752372,0.656257,-0.0571279,0,-0.658519,0.751528,-0.0394891,0,0.0170182,0.0673303,0.997586,0,55.058,36.2556,-83.2389,1
0.75238,0.656274,-0.0568183,0,-0.658512,0.751546,-0.0392534,0,0.0169406,0.066949,0.997612,0,55.0444,36.2182,-83.2703,1
0.752453,0.656208,-0.05662,0,-0.658429,0.751627,-0.0390973,0,0.0169012,0.0666992,0.99763,0,55.0689,36.2261,-83.2807,1
0.752471,0.656204,-0.0564289,0,-0.65841,0.751651,-0.0389504,0,0.0168555,0.0664624,0.997646,0,55.0612,36.2135,-83.2908,1
0.752458,0.656236,-0.0562223,0,-0.658426,0.751643,-0.038836,0,0.0167736,0.0662407,0.997663,0,55.0376,36.1936,-83.3161,1
0.752531,0.656169,-0.0560287,0,-0.658344,0.751723,-0.0386694,0,0.0167444,0.0659861,0.99768,0,55.0454,36.209,-83.3244,1
0.752598,0.656114,-0.055773,0,-0.658268,0.751801,-0.0384556,0,0.016699,0.0656552,0.997703,0,55.0564,36.1958,-83.3501,1
0.752569,0.656163,-0.0555943,0,-0.658304,0.751774,-0.0383547,0,0.0166275,0.0654625,0.997717,0,55.045,36.1793,-83.3745,1
0.752644,0.65611,-0.0551932,0,-0.65822,0.751863,-0.0380554,0,0.0165292,0.0649715,0.99775,0,55.0464,36.1519,-83.4044,1
0.752693,0.65607,-0.0550025,0,-0.658165,0.751918,-0.0379089,0,0.0164865,0.0647345,0.997766,0,55.0478,36.1581,-83.4182,1
0.75275,0.656022,-0.0547918,0,-0.658101,0.751984,-0.0377251,0,0.016454,0.0644561,0.997785,0,55.0671,36.1584,-83.4196,1
0.752754,0.656037,-0.0545584,0,-0.658098,0.751995,-0.0375661,0,0.0163829,0.0641828,0.997804,0,55.0228,36.1377,-83.4538,1
0.752788,0.656014,-0.054364,0,-0.65806,0.752034,-0.0374302,0,0.0163288,0.0639518,0.997819,0,55.022,36.1252,-83.4732,1
0.752805,0.65601,-0.0541722,0,-0.658042,0.752058,-0.0372823,0,0.0162831,0.0637138,0.997835,0,55.0338,36.1079,-83.4802,1
0.752905,0.655915,-0.0539398,0,-0.65793,0.752162,-0.0371543,0,0.0162014,0.0634623,0.997853,0,55.0308,36.1218,-83.5144,1
0.752919,0.655912,-0.053776,0,-0.657914,0.752185,-0.0369721,0,0.0161991,0.063217,0.997868,0,55.0419,36.1146,-83.5042,1
0.752935,0.655906,-0.0536306,0,-0.657897,0.752204,-0.0368874,0,0.0161464,0.0630572,0.997879,0,55.0329,36.1058,-83.5314,1
0.752944,0.655913,-0.0534192,0,-0.657887,0.752223,-0.0366723,0,0.0161294,0.062756,0.997899,0,55.063,36.0821,-83.5385,1
0.752959,0.655911,-0.0532293,0,-0.657869,0.75225,-0.0364457,0,0.0161366,0.06246,0.997917,0,55.0647,36.0532,-83.5229,1
0.752953,0.655931,-0.0530638,0,-0.657878,0.752245,-0.0363734,0,0.0160586,0.062297,0.997928,0,55.0376,36.0469,-83.5445,1
0.752995,0.655887,-0.0530127,0,-0.65783,0.752288,-0.0363529,0,0.0160374,0.0622469,0.997932,0,55.0488,36.0601,-83.5548,1
0.753025,0.655863,-0.0528771,0,-0.657797,0.752323,-0.0362463,0,0.0160081,0.0620767,0.997943,0,55.0603,36.0578,-83.5759,1
0.753061,0.655838,-0.0526858,0,-0.657759,0.752358,-0.0362098,0,0.0158908,0.0619227,0.997954,0,55.0302,36.0677,-83.61,1
0.753073,0.655833,-0.0525794,0,-0.657745,0.752377,-0.0360681,0,0.0159048,0.0617457,0.997965,0,55.0253,36.0542,-83.5983,1
0.753057,0.655864,-0.052409,0,-0.657764,0.752367,-0.0359272,0,0.0158674,0.0615279,0.997979,0,55.0277,36.025,-83.6082,1
0.753098,0.655825,-0.0523187,0,-0.657715,0.752419,-0.0357219,0,0.0159383,0.0613129,0.997991,0,55.0509,36.0203,-83.5825,1
0.753084,0.655854,-0.0521576,0,-0.657734,0.752405,-0.0356702,0,0.0158492,0.0611684,0.998002,0,55.0376,35.9989,-83.622,1
0.753148,0.655795,-0.0519717,0,-0.657661,0.752475,-0.0355427,0,0.0157987,0.0609487,0.998016,0,55.0446,36.0028,-83.6299,1
0.753143,0.655804,-0.0519363,0,-0.657668,0.752469,-0.0355391,0,0.0157737,0.0609229,0.998018,0,55.0445,35.9976,-83.6328,1
0.753186,0.655763,-0.0518179,0,-0.657618,0.752521,-0.0353692,0,0.0158002,0.060716,0.99803,0,55.0501,35.9998,-83.631,1
0.753211,0.655746,-0.0516654,0,-0.657591,0.752545,-0.0353563,0,0.0156957,0.0606055,0.998038,0,55.0392,35.996,-83.6729,1
0.753213,0.655747,-0.051631,0,-0.65759,0.752548,-0.0353225,0,0.0156921,0.0605573,0.998041,0,55.0351,36.0013,-83.6724,1
0.753219,0.65575,-0.0515048,0,-0.657583,0.752558,-0.0352245,0,0.0156619,0.0604004,0.998051,0,55.0282,35.9787,-83.682,1
0.753256,0.655714,-0.051421,0,-0.657542,0.752594,-0.0352186,0,0.0156058,0.0603402,0.998056,0,55.0335,35.9991,-83.6957,1
0.75327,0.655706,-0.0513143,0,-0.657528,0.752608,-0.0351885,0,0.0155462,0.0602469,0.998062,0,55.0099,35.9907,-83.7243,1
0.753285,0.65569,-0.0513068,0,-0.65751,0.752627,-0.0351186,0,0.015588,0.060189,0.998065,0,55.0407,36.0011,-83.7117,1
0.753281,0.655695,-0.0513025,0,-0.657511,0.752634,-0.0349387,0,0.0157028,0.0600507,0.998072,0,55.0558,35.9855,-83.6621,1
0.753302,0.655684,-0.0511244,0,-0.657491,0.752648,-0.0350106,0,0.0155228,0.0599874,0.998078,0,55.0338,35.9781,-83.7327,1
0.753341,0.655642,-0.0510997,0,-0.657446,0.752693,-0.0349047,0,0.0155774,0.0598904,0.998083,0,55.0465,35.9895,-83.7061,1
0.753312,0.655679,-0.0510433,0,-0.657479,0.752666,-0.0348643,0,0.0155588,0.0598237,0.998088,0,55.0337,35.9733,-83.6993,1
0.753331,0.655661,-0.0509956,0,-0.657458,0.752684,-0.0348627,0,0.0155254,0.0597907,0.99809,0,55.0313,35.9767,-83.7145,1
0.753362,0.655627,-0.0509855,0,-0.657422,0.752718,-0.0348046,0,0.0155588,0.0597394,0.998093,0,55.0515,35.9868,-83.7145,1
0.75334,0.655657,-0.0509242,0,-0.657447,0.752702,-0.0346943,0,0.0155831,0.0596166,0.9981,0,55.0502,35.9674,-83.7022,1
0.753331,0.655665,-0.0509449,0,-0.657457,0.752691,-0.0347315,0,0.0155736,0.0596584,0.998097,0,55.0508,35.9566,-83.7082,1
0.753348,0.655647,-0.0509394,0,-0.657438,0.752707,-0.0347417,0,0.0155642,0.059662,0.998097,0,55.0536,35.9753,-83.7051,1
0.753327,0.655674,-0.0508964,0,-0.657463,0.752686,-0.0347291,0,0.015538,0.0596249,0.9981,0,55.0321,35.9587,-83.7148,1
0.753318,0.655683,-0.0509202,0,-0.657473,0.752676,-0.0347545,0,0.0155385,0.0596598,0.998098,0,55.0403,35.9656,-83.7114,1
0.7533,0.655702,-0.0509282,0,-0.657492,0.752662,-0.0346837,0,0.0155896,0.0596121,0.9981,0,55.0469,35.9443,-83.7052,1
0.753344,0.655656,-0.0508667,0,-0.657443,0.752704,-0.0347145,0,0.0155267,0.059594,0.998102,0,55.0336,35.9658,-83.7121,1
0.753333,0.655668,-0.0508835,0,-0.657454,0.752699,-0.0346209,0,0.0156001,0.0595347,0.998104,0,55.0499,35.9543,-83.6878,1
0.753344,0.655658,-0.0508429,0,-0.657443,0.752707,-0.0346584,0,0.0155457,0.059536,0.998105,0,55.035,35.9602,-83.7129,1
0.753374,0.655625,-0.0508296,0,-0.657407,0.752743,-0.0345499,0,0.0156099,0.0594448,0.998109,0,55.0722,35.9641,-83.6978,1
0.753313,0.655696,-0.0508165,0,-0.657478,0.752679,-0.0346015,0,0.0155605,0.0594765,0.998108,0,55.0485,35.9471,-83.7068,1
0.753383,0.655625,-0.0506941,0,-0.657399,0.75275,-0.0345544,0,0.0155053,0.059359,0.998116,0,55.0406,35.9609,-83.7276,1
0.753368,0.655644,-0.0506673,0,-0.657416,0.752736,-0.034528,0,0.0155011,0.0593218,0.998118,0,55.0539,35.9521,-83.732,1
0.753408,0.655599,-0.0506641,0,-0.657371,0.752777,-0.0345087,0,0.0155149,0.0593043,0.998119,0,55.0624,35.976,-83.7225,1
0.753395,0.655618,-0.0505963,0,-0.657385,0.752766,-0.0344707,0,0.0154875,0.0592313,0.998124,0,55.0461,35.9588,-83.7284,1
0.753413,0.655601,-0.0505602,0,-0.657366,0.752785,-0.0344176,0,0.0154968,0.0591672,0.998128,0,55.0424,35.9617,-83.7187,1
0.753444,0.655566,-0.0505565,0,-0.657329,0.752818,-0.0343981,0,0.0155096,0.0591493,0.998129,0,55.0732,35.9738,-83.7182,1
0.753407,0.655613,-0.0504894,0,-0.657371,0.752786,-0.0342982,0,0.0155214,0.0590308,0.998136,0,55.062,35.9516,-83.7069,1
0.75345,0.655571,-0.050389,0,-0.657322,0.752834,-0.0341958,0,0.0155167,0.0588866,0.998144,0,55.0744,35.9598,-83.7216,1
0.753407,0.655625,-0.0503418,0,-0.657373,0.752788,-0.0342129,0,0.0154659,0.0588696,0.998146,0,55.0472,35.9551,-83.7336,1
0.753461,0.655573,-0.0502015,0,-0.657312,0.752846,-0.0341175,0,0.0154275,0.0587042,0.998156,0,55.0659,35.9625,-83.745,1
0.753424,0.655619,-0.0501612,0,-0.657355,0.75281,-0.0340929,0,0.0154099,0.0586601,0.998159,0,55.056,35.9501,-83.7381,1
0.753465,0.655578,-0.0500689,0,-0.657306,0.75286,-0.0339188,0,0.0154584,0.0584673,0.99817,0,55.0703,35.9552,-83.7189,1
0.75346,0.655588,-0.0500255,0,-0.657313,0.752855,-0.0339062,0,0.0154335,0.0584294,0.998172,0,55.0692,35.9448,-83.7254,1
0.753502,0.655553,-0.0498561,0,-0.657267,0.752896,-0.033876,0,0.015329,0.0582944,0.998182,0,55.0429,35.9572,-83.77,1
0.753502,0.65556,-0.0497635,0,-0.657264,0.752911,-0.0335902,0,0.0154471,0.058018,0.998196,0,55.0733,35.9337,-83.7111,1
0.753524,0.655545,-0.04962,0,-0.657239,0.752938,-0.0334756,0,0.015416,0.0578369,0.998207,0,55.0637,35.9298,-83.7201,1
0.753567,0.6555,-0.0495674,0,-0.657191,0.752981,-0.0334547,0,0.0153937,0.0577856,0.99821,0,55.0726,35.9567,-83.7184,1
0.753571,0.655505,-0.0494303,0,-0.657185,0.752994,-0.0332671,0,0.015414,0.057554,0.998223,0,55.0799,35.9437,-83.7095,1
0.753608,0.655473,-0.0492903,0,-0.657143,0.753039,-0.0330914,0,0.0154269,0.0573287,0.998236,0,55.0908,35.9353,-83.6944,1
0.753646,0.655441,-0.0491471,0,-0.6571,0.753083,-0.0329457,0,0.0154178,0.057124,0.998248,0,55.1032,35.9442,-83.6893,1
0.753705,0.655386,-0.0489639,0,-0.657035,0.75314,-0.0329485,0,0.0152826,0.0570044,0.998257,0,55.0604,35.9716,-83.7026,1
0.75372,0.655381,-0.0487991,0,-0.657018,0.753161,-0.0327969,0,0.0152591,0.0567816,0.99827,0,55.0687,35.9585,-83.6917,1
0.753758,0.655347,-0.0486789,0,-0.656976,0.753202,-0.0327071,0,0.0152305,0.056634,0.998279,0,55.0698,35.9775,-83.6931,1
0.753744,0.655382,-0.0484146,0,-0.656996,0.753183,-0.0327421,0,0.0150065,0.0564874,0.99829,0,55.0288,35.9825,-83.7086,1
0.753781,0.655353,-0.0482374,0,-0.656953,0.753234,-0.0324319,0,0.0150797,0.0561363,0.998309,0,55.0405,35.9637,-83.6884,1
0.753794,0.655348,-0.0481039,0,-0.656938,0.753254,-0.0322647,0,0.0150898,0.0559222,0.998321,0,55.0317,35.9609,-83.6803,1
0.753866,0.655279,-0.047915,0,-0.656856,0.753331,-0.0321171,0,0.0150502,0.0556852,0.998335,0,55.0315,35.9769,-83.6744,1
0.753901,0.655246,-0.0478114,0,-0.656815,0.753372,-0.031995,0,0.0150551,0.0555243,0.998344,0,55.0426,35.9787,-83.6685,1
0.753888,0.655267,-0.0477331,0,-0.65683,0.753365,-0.0318678,0,0.0150785,0.0553773,0.998352,0,55.0428,35.9619,-83.6446,1
0.753936,0.655228,-0.0475135,0,-0.656775,0.753424,-0.0316138,0,0.0150835,0.0550405,0.99837,0,55.0639,35.9813,-83.6401,1
0.753934,0.655241,-0.0473565,0,-0.656777,0.75343,-0.0314203,0,0.0150919,0.0547915,0.998384,0,55.0527,35.9517,-83.6283,1
0.75401,0.655173,-0.0470974,0,-0.656691,0.753512,-0.0312351,0,0.015024,0.0544801,0.998402,0,55.0499,35.9688,-83.6363,1
0.754065,0.655126,-0.0468557,0,-0.656627,0.753582,-0.0309068,0,0.0150618,0.0540725,0.998424,0,55.0603,35.9505,-83.6161,1
0.754088,0.655114,-0.0466527,0,-0.6566,0.753617,-0.0306208,0,0.0150982,0.0537229,0.998442,0,55.0686,35.9415,-83.6,1
0.75408,0.655142,-0.0463971,0,-0.656613,0.753609,-0.0305532,0,0.0149485,0.0535045,0.998456,0,55.0386,35.9476,-83.6136,1
0.754126,0.6551,-0.0462251,0,-0.656559,0.753662,-0.0303935,0,0.0149274,0.05327,0.998468,0,55.0346,35.9536,-83.6019,1
0.754216,0.655016,-0.0459569,0,-0.656457,0.753762,-0.0301185,0,0.0149125,0.0528845,0.998489,0,55.0445,35.9754,-83.599,1
0.754274,0.654959,-0.0458201,0,-0.656388,0.753835,-0.0298022,0,0.0150216,0.0525548,0.998505,0,55.0737,35.9656,-83.5487,1
0.754234,0.655026,-0.0455068,0,-0.656436,0.7538,-0.0296135,0,0.0149054,0.0522078,0.998525,0,55.0651,35.9444,-83.5577,1
0.754302,0.654965,-0.0452715,0,-0.656361,0.753871,-0.0294849,0,0.0148172,0.0519549,0.99854,0,55.061,35.9612,-83.5538,1
0.754348,0.654931,-0.0449913,0,-0.65631,0.75392,-0.0293425,0,0.0147026,0.0516626,0.998556,0,55.0378,35.9729,-83.5745,1
0.754441,0.654838,-0.0447889,0,-0.656202,0.754026,-0.0290378,0,0.0147569,0.0512978,0.998574,0,55.0521,35.9824,-83.5412,1
0.754423,0.654872,-0.0445842,0,-0.65622,0.754024,-0.028689,0,0.0148299,0.0509007,0.998594,0,55.0927,35.9653,-83.5016,1
0.754513,0.654798,-0.04415,0,-0.656119,0.754127,-0.0282934,0,0.0147682,0.0503154,0.998624,0,55.091,35.9686,-83.5135,1
0.754574,0.654746,-0.0438776,0,-0.656051,0.754192,-0.0281412,0,0.0146668,0.0500206,0.99864,0,55.0719,35.9689,-83.5258,1
0.754664,0.654657,-0.0436544,0,-0.655949,0.754286,-0.0279909,0,0.0146035,0.0497589,0.998654,0,55.0703,35.9894,-83.496,1
0.75458,0.65477,-0.0434056,0,-0.656046,0.754211,-0.0277403,0,0.0145735,0.0494085,0.998672,0,55.0552,35.9419,-83.4905,1
0.754648,0.654713,-0.0431067,0,-0.655969,0.75429,-0.0274202,0,0.0145626,0.0489692,0.998694,0,55.0706,35.956,-83.4983,1
0.754669,0.654699,-0.0429379,0,-0.655943,0.754321,-0.0271677,0,0.0146023,0.0486674,0.998708,0,55.0804,35.9429,-83.4596,1
0.754757,0.654611,-0.0427322,0,-0.655843,0.754414,-0.0270044,0,0.0145604,0.0484074,0.998722,0,55.0888,35.9597,-83.466,1
0.754706,0.654687,-0.0424739,0,-0.655903,0.75437,-0.0267751,0,0.0145118,0.0480662,0.998739,0,55.0714,35.9364,-83.4701,1
0.754834,0.654572,-0.0419564,0,-0.65576,0.754504,-0.0265157,0,0.0142998,0.0475284,0.998767,0,55.0394,35.9619,-83.4846,1
0.75487,0.654553,-0.041618,0,-0.655717,0.754557,-0.0260421,0,0.0143572,0.0469481,0.998794,0,55.0553,35.9287,-83.441,1
0.755002,0.654421,-0.0412879,0,-0.655566,0.7547,-0.0257198,0,0.0143284,0.0464855,0.998816,0,55.0743,35.9541,-83.4322,1
0.754951,0.654501,-0.040971,0,-0.655624,0.754665,-0.0252708,0,0.0143796,0.0459397,0.998841,0,55.0681,35.9009,-83.3884,1
0.755054,0.654403,-0.0406314,0,-0.655508,0.754771,-0.025099,0,0.0142426,0.0455853,0.998859,0,55.0714,35.9334,-83.4239,1
0.755088,0.654377,-0.0403968,0,-0.65547,0.75481,-0.0249388,0,0.0141725,0.0453098,0.998872,0,55.057,35.9391,-83.409,1
0.755131,0.654345,-0.0401138,0,-0.655421,0.754862,-0.0246361,0,0.0141599,0.0448948,0.998891,0,55.0784,35.9441,-83.3908,1
0.755235,0.654261,-0.0395311,0,-0.655303,0.754983,-0.0240547,0,0.0141072,0.0440719,0.998929,0,55.0611,35.9327,-83.3793,1
0.755326,0.654177,-0.0391717,0,-0.655196,0.755091,-0.0235751,0,0.0141559,0.0434721,0.998954,0,55.0866,35.9288,-83.352,1
0.755306,0.654224,-0.0387743,0,-0.655222,0.755076,-0.0233315,0,0.0140135,0.0430282,0.998976,0,55.0767,35.9003,-83.3523,1
0.755448,0.654081,-0.0384191,0,-0.655061,0.755223,-0.0230942,0,0.0139096,0.0426133,0.998995,0,55.0678,35.9413,-83.3634,1
0.755498,0.65404,-0.0381297,0,-0.655002,0.755286,-0.0227025,0,0.0139505,0.0421268,0.999015,0,55.0851,35.9278,-83.3305,1
0.755533,0.654017,-0.0378399,0,-0.654962,0.755332,-0.0223289,0,0.0139781,0.041654,0.999034,0,55.0945,35.9328,-83.3022,1
0.755582,0.653983,-0.0374535,0,-0.654908,0.755387,-0.022045,0,0.0138749,0.0411854,0.999055,0,55.0827,35.922,-83.309,1
0.75569,0.653895,-0.0368003,0,-0.654786,0.755507,-0.0215365,0,0.0137202,0.0403712,0.99909,0,55.0575,35.9278,-83.3019,1
0.755753,0.653845,-0.0363892,0,-0.654713,0.755583,-0.0210856,0,0.0137084,0.03976,0.999115,0,55.0695,35.916,-83.2931,1
0.755842,0.653757,-0.0361131,0,-0.65461,0.755683,-0.0207223,0,0.0137427,0.0393027,0.999133,0,55.0774,35.9256,-83.2608,1
0.755867,0.653741,-0.0358799,0,-0.654581,0.755715,-0.0204702,0,0.0137327,0.0389591,0.999146,0,55.1107,35.9251,-83.236,1
0.755885,0.65374,-0.0355248,0,-0.654564,0.755733,-0.0203311,0,0.013556,0.0386212,0.999162,0,55.0664,35.9205,-83.271,1
0.75602,0.653598,-0.0352665,0,-0.654408,0.755878,-0.0199852,0,0.0135948,0.0381878,0.999178,0,55.0818,35.9551,-83.2385,1
0.756033,0.653611,-0.0347511,0,-0.654393,0.755905,-0.019411,0,0.0135813,0.0374162,0.999207,0,55.0723,35.9052,-83.2122,1
0.756108,0.653548,-0.0342934,0,-0.654308,0.755987,-0.0190702,0,0.0134621,0.0368576,0.99923,0,55.0662,35.8907,-83.2131,1
0.756139,0.653542,-0.0337256,0,-0.654274,0.756032,-0.0184935,0,0.0134113,0.0360495,0.99926,0,55.0696,35.8753,-83.183,1
0.75626,0.653423,-0.0332911,0,-0.654136,0.756158,-0.0182082,0,0.0132757,0.0355471,0.99928,0,55.0636,35.9089,-83.1932,1
0.756317,0.65338,-0.0328558,0,-0.654071,0.756226,-0.0176999,0,0.0132817,0.0348767,0.999303,0,55.0824,35.9003,-83.1429,1
0.756431,0.653271,-0.0323956,0,-0.653941,0.756348,-0.0173082,0,0.0131955,0.0342773,0.999325,0,55.0771,35.9121,-83.1619,1
0.756536,0.653171,-0.0319491,0,-0.65382,0.75646,-0.0169445,0,0.0131005,0.0337081,0.999346,0,55.0635,35.9201,-83.1357,1
0.756513,0.653224,-0.0313853,0,-0.65385,0.756444,-0.0165173,0,0.0129517,0.0330168,0.999371,0,55.0607,35.8959,-83.1572,1
0.756652,0.653081,-0.0310312,0,-0.653688,0.756595,-0.0160083,0,0.0130233,0.0323975,0.99939,0,55.0824,35.8932,-83.1122,1
0.75671,0.653044,-0.0303719,0,-0.653623,0.756664,-0.0154168,0,0.0129135,0.0315179,0.99942,0,55.0749,35.8946,-83.1107,1
0.75678,0.652987,-0.0298754,0,-0.653546,0.756735,-0.0151329,0,0.0127262,0.0309773,0.999439,0,55.0438,35.8975,-83.1304,1
0.756861,0.652915,-0.0293975,0,-0.653452,0.756829,-0.0145326,0,0.0127602,0.030209,0.999462,0,55.0645,35.8753,-83.0884,1
0.756924,0.65286,-0.029001,0,-0.65338,0.756899,-0.0141276,0,0.0127275,0.0296421,0.99948,0,55.0754,35.8848,-83.0742,1
0.756993,0.652802,-0.0284752,0,-0.653302,0.756972,-0.0137977,0,0.0125477,0.0290476,0.999499,0,55.0562,35.8773,-83.0856,1
0.75708,0.652719,-0.0280484,0,-0.653201,0.757069,-0.013248,0,0.0125873,0.0283509,0.999519,0,55.0649,35.8742,-83.0384,1
0.75716,0.652645,-0.0276112,0,-0.653108,0.757157,-0.0127703,0,0.0125716,0.0277023,0.999537,0,55.0754,35.8837,-83.0255,1
0.75722,0.652597,-0.0271018,0,-0.65304,0.757224,-0.012266,0,0.0125173,0.0269866,0.999557,0,55.092,35.8559,-82.991,1
0.757352,0.652474,-0.0263588,0,-0.65289,0.757363,-0.0116821,0,0.0123409,0.0260568,0.999584,0,55.0853,35.8665,-83.0097,1
0.757418,0.65241,-0.0260696,0,-0.652813,0.757436,-0.0112589,0,0.0124006,0.0255462,0.999597,0,55.112,35.8715,-82.9745,1
0.757511,0.652323,-0.0255245,0,-0.652707,0.757532,-0.0108921,0,0.0122304,0.024911,0.999615,0,55.085,35.877,-82.9798,1
0.757546,0.652301,-0.02506,0,-0.652669,0.75757,-0.0104993,0,0.012136,0.0243097,0.999631,0,55.0881,35.8695,-82.9924,1
0.757672,0.652176,-0.02448,0,-0.652526,0.7577,-0.0100477,0,0.0119957,0.0235867,0.99965,0,55.0832,35.8804,-82.9746,1
0.757695,0.652171,-0.0239043,0,-0.652501,0.757727,-0.00957295,0,0.0118697,0.022851,0.999668,0,55.0702,35.8623,-82.9777,1
0.757853,0.652003,-0.0234552,0,-0.652317,0.757893,-0.00899935,0,0.0119089,0.0221204,0.999684,0,55.092,35.8758,-82.9391,1
0.757958,0.651912,-0.0226059,0,-0.652199,0.758002,-0.0083719,0,0.0116776,0.0210891,0.999709,0,55.0656,35.89,-82.9355,1
0.75803,0.651843,-0.0221428,0,-0.652115,0.75808,-0.00781907,0,0.0116893,0.0203668,0.999724,0,55.0841,35.8753,-82.9044,1
0.758107,0.651773,-0.0215796,0,-0.652026,0.758162,-0.0072118,0,0.0116604,0.0195378,0.999741,0,55.1147,35.8596,-82.8928,1
0.758223,0.651656,-0.0210292,0,-0.651894,0.758279,-0.00688721,0,0.0114579,0.0189308,0.999755,0,55.0815,35.8826,-82.8904,1
0.758341,0.651538,-0.0204158,0,-0.651759,0.758401,-0.00625946,0,0.0114051,0.018053,0.999772,0,55.0824,35.8864,-82.8875,1
0.758296,0.651605,-0.0199588,0,-0.651811,0.75836,-0.00576237,0,0.0113811,0.017379,0.999784,0,55.076,35.8386,-82.8604,1
0.758425,0.651475,-0.0192752,0,-0.651666,0.758487,-0.00538075,0,0.0111146,0.0166419,0.9998,0,55.0439,35.8465,-82.8999,1
0.758483,0.651422,-0.0187767,0,-0.651598,0.75855,-0.00476176,0,0.0111411,0.0158466,0.999812,0,55.0721,35.8436,-82.8621,1
0.758655,0.651245,-0.017959,0,-0.651398,0.758726,-0.00388983,0,0.0110927,0.0146494,0.999831,0,55.0771,35.8269,-82.8256,1
0.758716,0.651189,-0.017396,0,-0.65133,0.758786,-0.00352423,0,0.0109049,0.0140045,0.999842,0,55.0493,35.8512,-82.8208,1
0.758802,0.651105,-0.0167919,0,-0.651231,0.758875,-0.00282454,0,0.0109038,0.0130787,0.999855,0,55.0718,35.8106,-82.8057,1
0.758911,0.650993,-0.0161731,0,-0.651104,0.758986,-0.00220734,0,0.0108382,0.0122056,0.999867,0,55.0702,35.8186,-82.762,1
0.759028,0.650871,-0.015562,0,-0.650969,0.759102,-0.00166096,0,0.0107321,0.0113911,0.999878,0,55.0665,35.82,-82.7629,1
0.759122,0.650772,-0.0151463,0,-0.65086,0.759196,-0.0012508,0,0.0106851,0.0108077,0.999885,0,55.0632,35.8314,-82.747,1
0.759162,0.650735,-0.0147294,0,-0.650815,0.759236,-0.000808954,0,0.0106567,0.0102003,0.999891,0,55.0751,35.8196,-82.7217,1
0.759346,0.650541,-0.0137768,0,-0.650603,0.759418,-9.44734e-06,0,0.0104562,0.00897035,0.999905,0,55.0683,35.8429,-82.7254,1
0.759454,0.650427,-0.0132063,0,-0.650478,0.759525,0.000574812,0,0.0104044,0.00815386,0.999913,0,55.0812,35.8417,-82.6895,1
0.75953,0.65035,-0.0126265,0,-0.650391,0.759599,0.00111879,0,0.0103187,0.0073624,0.99992,0,55.0982,35.8336,-82.6893,1
0.759647,0.650225,-0.0120096,0,-0.650255,0.759714,0.00173534,0,0.0102522,0.00649104,0.999926,0,55.0957,35.835,-82.6463,1
0.759759,0.650106,-0.0112967,0,-0.650126,0.759823,0.00235473,0,0.0101143,0.00555521,0.999933,0,55.0858,35.8199,-82.6542,1
0.759923,0.649925,-0.0106792,0,-0.649935,0.759984,0.00297196,0,0.0100476,0.00468242,0.999939,0,55.1015,35.8564,-82.6186,1
0.76001,0.649835,-0.0100102,0,-0.649838,0.760065,0.00336848,0,0.00979736,0.00394496,0.999944,0,55.078,35.871,-82.6524,1
0.760147,0.649689,-0.00904562,0,-0.649679,0.760196,0.00441894,0,0.00974738,0.00251764,0.999949,0,55.0985,35.8467,-82.6113,1
0.76024,0.649588,-0.00840792,0,-0.649571,0.760285,0.00499272,0,0.00963565,0.00166586,0.999952,0,55.0864,35.8525,-82.5851,1
0.760364,0.64945,-0.00780107,0,-0.649426,0.760404,0.00569262,0,0.00962903,0.000737756,0.999953,0,55.1136,35.8645,-82.5622,1
0.760484,0.649318,-0.00704066,0,-0.649289,0.760517,0.00615257,0,0.00934954,-0.000107467,0.999956,0,55.0872,35.8788,-82.5873,1
0.760617,0.649169,-0.00643194,0,-0.649133,0.760643,0.00695273,0,0.00940587,-0.00111312,0.999955,0,55.1194,35.8679,-82.5183,1
0.760672,0.649111,-0.00578246,0,-0.64907,0.760691,0.00761653,0,0.00934263,-0.00204045,0.999954,0,55.115,35.853,-82.5056,1
0.760812,0.648952,-0.00511026,0,-0.648907,0.760824,0.00816199,0,0.00918473,-0.00289366,0.999954,0,55.1152,35.8683,-82.4974,1
0.760936,0.648814,-0.0040561,0,-0.648763,0.760934,0.00925715,0,0.00909263,-0.00441265,0.999949,0,55.1082,35.8343,-82.468,1
0.761082,0.648646,-0.00342712,0,-0.648594,0.761073,0.00970988,0,0.00890654,-0.00516716,0.999947,0,55.1091,35.8683,-82.4563,1
0.761185,0.64853,-0.00274542,0,-0.648476,0.761165,0.0103454,0,0.00879897,-0.00609434,0.999943,0,55.097,35.8597,-82.4376,1
0.761195,0.648519,-0.00223078,0,-0.648464,0.761168,0.0108226,0,0.00871664,-0.00679153,0.999939,0,55.1049,35.8412,-82.4186,1
0.761286,0.648415,-0.00142747,0,-0.648359,0.761246,0.0116296,0,0.00862747,-0.00792795,0.999931,0,55.1004,35.8187,-82.4117,1
0.761446,0.648228,-0.000868514,0,-0.648173,0.761397,0.0121238,0,0.00852024,-0.00866866,0.999926,0,55.1063,35.8453,-82.387,1
0.761438,0.648237,-0.000192031,0,-0.648182,0.761377,0.0128137,0,0.00845252,-0.00963226,0.999918,0,55.1041,35.7965,-82.3684,1
0.761604,0.648042,0.000565141,0,-0.647989,0.761531,0.0134647,0,0.00829533,-0.010621,0.999909,0,55.087,35.8068,-82.3357,1
0.761732,0.647891,0.00153849,0,-0.647841,0.761639,0.0144443,0,0.00818658,-0.0119994,0.999894,0,55.1004,35.7998,-82.3296,1
0.761874,0.647722,0.00228752,0,-0.647676,0.761767,0.0150378,0,0.00799779,-0.0129385,0.999884,0,55.0863,35.8166,-82.3088,1
0.761915,0.64767,0.00302896,0,-0.647629,0.761792,0.0157963,0,0.00792338,-0.0139971,0.999871,0,55.0792,35.7821,-82.309,1
0.762058,0.647497,0.00380976,0,-0.647462,0.761919,0.0165149,0,0.00779064,-0.015052,0.999856,0,55.0891,35.8002,-82.2852,1
0.762176,0.647353,0.00455041,0,-0.647324,0.762021,0.0172112,0,0.00767419,-0.0160635,0.999842,0,55.089,35.7931,-82.2756,1
0.762271,0.647236,0.00527205,0,-0.647213,0.762098,0.0179515,0,0.00760113,-0.017096,0.999825,0,55.1061,35.7644,-82.2542,1
0.762413,0.647062,0.00606738,0,-0.647048,0.762222,0.0186078,0,0.00741571,-0.0181127,0.999808,0,55.1073,35.7792,-82.2525,1
0.762599,0.646831,0.00719021,0,-0.646831,0.762379,0.0197114,0,0.0072683,-0.0196828,0.99978,0,55.1058,35.7823,-82.2298,1
0.762755,0.64664,0.00788175,0,-0.646648,0.762515,0.0204368,0,0.0072053,-0.020685,0.99976,0,55.1314,35.8044,-82.2021,1
0.762906,0.64645,0.00873856,0,-0.646471,0.762645,0.021172,0,0.00702219,-0.0218015,0.999738,0,55.136,35.809,-82.204,1
0.763038,0.646284,0.00945073,0,-0.646316,0.762757,0.021854,0,0.00691525,-0.0227836,0.999716,0,55.1434,35.8311,-82.1776,1
0.76315,0.646139,0.0102584,0,-0.646185,0.762845,0.0226186,0,0.00678918,-0.0238902,0.999692,0,55.1432,35.8128,-82.1614,1
0.763277,0.645977,0.0110497,0,-0.646037,0.762948,0.0233667,0,0.00666398,-0.0249738,0.999666,0,55.1467,35.8111,-82.1527,1
0.763393,0.645825,0.0118548,0,-0.645902,0.763044,0.02397,0,0.00643476,-0.0259556,0.999642,0,55.0994,35.8203,-82.1746,1
0.763564,0.645601,0.0130195,0,-0.645702,0.763176,0.0251469,0,0.00629874,-0.0276079,0.999599,0,55.1271,35.8117,-82.1138,1
0.763632,0.645507,0.0136783,0,-0.645622,0.763221,0.025807,0,0.00621901,-0.0285381,0.999573,0,55.111,35.7874,-82.1085,1
0.763812,0.645277,0.0144548,0,-0.64541,0.763375,0.0265562,0,0.0061017,-0.0296132,0.999543,0,55.154,35.8003,-82.0812,1
0.763854,0.645214,0.0150426,0,-0.645361,0.763396,0.0271102,0,0.00600851,-0.0304161,0.999519,0,55.1525,35.79,-82.0518,1
0.764028,0.644987,0.0158846,0,-0.645156,0.76354,0.0279286,0,0.00588504,-0.0315863,0.999484,0,55.1406,35.8006,-82.0374,1
0.764138,0.644836,0.016729,0,-0.645027,0.763622,0.0286673,0,0.00571106,-0.0326965,0.999449,0,55.1332,35.7919,-82.0464,1
0.764238,0.644697,0.017496,0,-0.64491,0.763696,0.0293087,0,0.00553364,-0.0336821,0.999417,0,55.1333,35.8038,-82.0294,1
0.764401,0.64448,0.0183436,0,-0.644718,0.763819,0.0303389,0,0.00554164,-0.0350175,0.999371,0,55.1609,35.7952,-81.9613,1
0.764551,0.644265,0.0196042,0,-0.644542,0.763927,0.0313276,0,0.00520706,-0.0365873,0.999317,0,55.1465,35.8033,-81.9824,1
0.764709,0.644049,0.0205285,0,-0.644357,0.76405,0.0321198,0,0.0050019,-0.0377899,0.999273,0,55.1125,35.7882,-81.9824,1
0.764759,0.643963,0.0213539,0,-0.644298,0.764064,0.0329642,0,0.00491201,-0.0389679,0.999228,0,55.1091,35.7633,-81.9468,1
0.764889,0.643778,0.0222356,0,-0.644145,0.764164,0.0336147,0,0.00464874,-0.0400344,0.999188,0,55.0839,35.7767,-81.9623,1
0.765011,0.643604,0.0230496,0,-0.644,0.764242,0.0346104,0,0.0046599,-0.0413213,0.999135,0,55.1184,35.7405,-81.9115,1
0.765149,0.643409,0.0239159,0,-0.643838,0.764348,0.0352751,0,0.00441617,-0.0423887,0.999092,0,55.1195,35.7743,-81.9095,1
0.765384,0.643099,0.0247206,0,-0.64356,0.764543,0.0361201,0,0.00432882,-0.0435549,0.999042,0,55.1509,35.8091,-81.8922,1
0.765484,0.642928,0.0260385,0,-0.643442,0.764582,0.0373729,0,0.00411958,-0.0453626,0.998962,0,55.1455,35.8022,-81.8664,1
0.765634,0.642715,0.0268812,0,-0.643264,0.764689,0.0382413,0,0.00402248,-0.0465705,0.998907,0,55.1451,35.7831,-81.8395,1
0.765761,0.642525,0.0277716,0,-0.643113,0.76477,0.0391534,0,0.00391814,-0.0478424,0.998847,0,55.1745,35.7821,-81.7985,1
0.765858,0.642369,0.0287018,0,-0.642999,0.76482,0.0400281,0,0.00376108,-0.0491111,0.998786,0,55.1548,35.7664,-81.7819,1
0.766019,0.642135,0.0296039,0,-0.642808,0.76494,0.0407956,0,0.00355106,-0.0502798,0.998729,0,55.1537,35.7797,-81.8072,1
0.766148,0.641941,0.0304865,0,-0.642655,0.765017,0.0417487,0,0.0034775,-0.051578,0.998663,0,55.1819,35.7693,-81.7588,1
0.766295,0.641723,0.0313612,0,-0.64248,0.76512,0.0425522,0,0.00331171,-0.0527565,0.998602,0,55.1744,35.7843,-81.7471,1
0.766398,0.641568,0.0320039,0,-0.642358,0.765188,0.0431645,0,0.00320399,-0.0536391,0.998555,0,55.1959,35.7838,-81.7439,1
0.766589,0.641278,0.0332237,0,-0.642132,0.76532,0.0441788,0,0.00290412,-0.0552009,0.998471,0,55.1875,35.801,-81.7466,1
0.766822,0.64095,0.034155,0,-0.641854,0.765502,0.0450595,0,0.0027352,-0.0564752,0.9984,0,55.1719,35.8309,-81.7259,1
0.766918,0.640783,0.0351217,0,-0.64174,0.765542,0.0459883,0,0.00258131,-0.0578083,0.998324,0,55.1643,35.812,-81.7097,1
0.767066,0.640558,0.03599,0,-0.641564,0.765637,0.0468512,0,0.00245559,-0.0590279,0.998253,0,55.1631,35.7908,-81.695,1
0.767174,0.640376,0.0369078,0,-0.641435,0.765693,0.0476977,0,0.00228433,-0.0602664,0.99818,0,55.1464,35.7923,-81.6729,1
0.767269,0.640204,0.0379058,0,-0.641322,0.76573,0.0486104,0,0.00209489,-0.0616071,0.998098,0,55.1441,35.7727,-81.662,1
0.767438,0.639944,0.0388676,0,-0.64112,0.765845,0.0494567,0,0.00188293,-0.0628738,0.99802,0,55.1342,35.7781,-81.672,1
0.767626,0.639629,0.040307,0,-0.640896,0.765949,0.0507455,0,0.00158523,-0.0647861,0.997898,0,55.1234,35.7865,-81.6614,1
0.767781,0.639382,0.0412527,0,-0.64071,0.766043,0.0516558,0,0.00142645,-0.0660914,0.997813,0,55.1208,35.7795,-81.6463,1
0.767917,0.639161,0.0421513,0,-0.640548,0.766126,0.0524337,0,0.00122042,-0.0672646,0.997734,0,55.1222,35.8055,-81.6485,1
0.767999,0.638994,0.0431693,0,-0.64045,0.766137,0.0534635,0,0.00108921,-0.0687078,0.997636,0,55.1294,35.7621,-81.6009,1
0.768174,0.638714,0.0441905,0,-0.64024,0.76625,0.0543404,0,0.000846989,-0.0700355,0.997544,0,55.12,35.7743,-81.626,1
0.768315,0.638476,0.0451704,0,-0.640071,0.766322,0.0553153,0,0.000702389,-0.0714119,0.997447,0,55.1275,35.7752,-81.5745,1
0.768489,0.6382,0.0461001,0,-0.639863,0.766436,0.0561282,0,0.000488274,-0.0726316,0.997359,0,55.1468,35.7992,-81.5901,1
0.768583,0.638019,0.0470296,0,-0.63975,0.766461,0.0570821,0,0.00037314,-0.0739596,0.997261,0,55.1464,35.7838,-81.5436,1
0.768862,0.637567,0.0485785,0,-0.639415,0.766621,0.0586606,0,0.000158772,-0.0761636,0.997095,0,55.1843,35.7863,-81.4975,1
0.768943,0.637392,0.0495929,0,-0.639318,0.766636,0.0595107,0,-8.80882e-05,-0.0774659,0.996995,0,55.1723,35.7935,-81.5207,1
0.769085,0.637145,0.0505359,0,-0.639146,0.766698,0.0605427,0,-0.000171326,-0.0788623,0.996885,0,55.2034,35.7885,-81.4787,1
0.769241,0.636881,0.0514956,0,-0.638959,0.766776,0.061531,0,-0.000297688,-0.0802357,0.996776,0,55.2076,35.7911,-81.4521,1
0.769305,0.636739,0.052289,0,-0.638882,0.766781,0.0622674,0,-0.000446148,-0.0813091,0.996689,0,55.2058,35.7653,-81.4316,1
0.769429,0.636526,0.0530375,0,-0.638732,0.766847,0.0629901,0,-0.000576816,-0.0823432,0.996604,0,55.2126,35.7651,-81.4351,1
0.769615,0.636218,0.0540273,0,-0.638507,0.766965,0.0638193,0,-0.00083407,-0.0836131,0.996498,0,55.1904,35.7924,-81.4118,1
0.769828,0.63583,0.0555494,0,-0.638251,0.767052,0.0653221,0,-0.00107564,-0.0857413,0.996317,0,55.2056,35.7837,-81.3781,1
0.769965,0.635576,0.0565407,0,-0.638084,0.767107,0.0662946,0,-0.00123753,-0.0871223,0.996197,0,55.2161,35.7777,-81.3651,1
0.770083,0.635335,0.0576286,0,-0.637942,0.767146,0.0672084,0,-0.00150969,-0.0885197,0.996073,0,55.1822,35.7661,-81.38,1
0.770204,0.635087,0.0587399,0,-0.637796,0.767179,0.068209,0,-0.00174534,-0.0899988,0.99594,0,55.1624,35.7546,-81.3754,1
0.770353,0.634808,0.059794,0,-0.637615,0.767231,0.06931,0,-0.00187724,-0.0915187,0.995802,0,55.1847,35.7277,-81.3561,1
0.770507,0.634527,0.0607819,0,-0.637429,0.767294,0.0703122,0,-0.0020225,-0.0929202,0.995671,0,55.1772,35.7374,-81.2969,1
0.770662,0.634233,0.0618804,0,-0.63724,0.767364,0.0712528,0,-0.00229391,-0.0943444,0.995537,0,55.1619,35.7348,-81.3009,1
0.770932,0.633744,0.063506,0,-0.636912,0.76749,0.0728158,0,-0.00259363,-0.0965838,0.995322,0,55.18,35.763,-81.2772,1
0.771087,0.633451,0.0645348,0,-0.636724,0.767543,0.0738919,0,-0.00272631,-0.098068,0.995176,0,55.2004,35.7553,-81.2535,1
0.771211,0.633187,0.06564,0,-0.636573,0.767576,0.0748528,0,-0.00298787,-0.099512,0.995032,0,55.1969,35.7708,-81.2525,1
0.771351,0.632905,0.0666951,0,-0.636402,0.767623,0.075812,0,-0.00321481,-0.100923,0.994889,0,55.203,35.7718,-81.2408,1
0.771549,0.632546,0.0678059,0,-0.63616,0.76773,0.0767501,0,-0.00350861,-0.102352,0.994742,0,55.204,35.8046,-81.2544,1
0.771699,0.632244,0.0689045,0,-0.635976,0.767791,0.07766,0,-0.00380421,-0.103752,0.994596,0,55.1888,35.8079,-81.2736,1
0.771833,0.631965,0.0699609,0,-0.635813,0.767809,0.0788111,0,-0.00391077,-0.105311,0.994432,0,55.2039,35.8016,-81.2391,1
0.77194,0.631715,0.071024,0,-0.635682,0.76782,0.0797601,0,-0.00414796,-0.106719,0.994281,0,55.223,35.8168,-81.2333,1
0.772131,0.631291,0.0726962,0,-0.635448,0.767844,0.0813733,0,-0.00444908,-0.109025,0.994029,0,55.207,35.783,-81.2325,1
0.772216,0.631051,0.0738741,0,-0.635343,0.767805,0.0825522,0,-0.00462628,-0.110684,0.993845,0,55.2106,35.7601,-81.2046,1
0.772354,0.630784,0.0747039,0,-0.635175,0.767855,0.0833788,0,-0.00476769,-0.111848,0.993714,0,55.2175,35.7409,-81.1843,1
0.772459,0.630563,0.0754848,0,-0.635046,0.767879,0.084135,0,-0.0049108,-0.112927,0.993591,0,55.2341,35.7506,-81.1911,1
0.772575,0.630288,0.0765838,0,-0.634903,0.767901,0.0850135,0,-0.00522581,-0.114303,0.993432,0,55.2023,35.7452,-81.2061,1
0.772754,0.629923,0.0777691,0,-0.634682,0.767956,0.0861581,0,-0.00545029,-0.115938,0.993241,0,55.1849,35.7436,-81.2005,1
0.772906,0.629597,0.0788919,0,-0.634495,0.767995,0.0871734,0,-0.00570448,-0.117433,0.993064,0,55.181,35.7432,-81.1966,1
0.77331,0.628812,0.0811567,0,-0.633998,0.768163,0.0892882,0,-0.00619601,-0.120501,0.992694,0,55.1838,35.7904,-81.1716,1
0.773507,0.628424,0.0822852,0,-0.633756,0.768226,0.0904532,0,-0.00637074,-0.122115,0.992496,0,55.2212,35.8,-81.1351,1
0.773625,0.628128,0.0834219,0,-0.63361,0.768214,0.0915768,0,-0.00656393,-0.123703,0.992298,0,55.214,35.788,-81.1206,1
0.773785,0.627774,0.0846005,0,-0.633412,0.768244,0.0926813,0,-0.00681093,-0.125302,0.992095,0,55.2052,35.7952,-81.1271,1
0.773956,0.627414,0.0856934,0,-0.633201,0.768284,0.0937917,0,-0.00699062,-0.126852,0.991897,0,55.2182,35.8196,-81.0706,1
0.774136,0.627029,0.0868799,0,-0.632979,0.76832,0.094985,0,-0.00719315,-0.128524,0.99168,0,55.2315,35.8182,-81.0533,1
0.774333,0.626658,0.0877987,0,-0.632735,0.76842,0.0957934,0,-0.00743664,-0.129729,0.991521,0,55.2386,35.8438,-81.0595,1
0.774445,0.626303,0.0893264,0,-0.632593,0.768368,0.0971461,0,-0.00779268,-0.131742,0.991253,0,55.2067,35.8162,-81.0501,1
0.77461,0.625947,0.090391,0,-0.63239,0.768393,0.0982611,0,-0.0079496,-0.133276,0.991047,0,55.2331,35.8216,-81.0203,1
0.774746,0.625596,0.0916438,0,-0.632219,0.768396,0.0993303,0,-0.00827817,-0.134895,0.990825,0,55.223,35.8253,-81.0426,1
0.774857,0.625287,0.0928043,0,-0.63208,0.768354,0.100529,0,-0.00844719,-0.136555,0.990596,0,55.2134,35.8029,-81.0148,1
0.774943,0.624993,0.0940603,0,-0.631971,0.768297,0.101648,0,-0.00873711,-0.138215,0.990364,0,55.2105,35.777,-81.0276,1
0.775066,0.624659,0.09526,0,-0.631816,0.768281,0.102727,0,-0.00901698,-0.139807,0.990138,0,55.2052,35.7672,-81.0453,1
0.775208,0.62431,0.0963803,0,-0.631639,0.768264,0.103931,0,-0.00916012,-0.141446,0.989904,0,55.2176,35.761,-81.0222,1
0.775414,0.62386,0.0976337,0,-0.631382,0.768321,0.105069,0,-0.00946544,-0.143116,0.989661,0,55.234,35.7699,-81.0304,1
0.775602,0.623349,0.0993848,0,-0.631147,0.768279,0.106781,0,-0.0097935,-0.145546,0.989303,0,55.2318,35.7592,-81.0187,1
0.77581,0.622898,0.10058,0,-0.630885,0.768347,0.107827,0,-0.0101154,-0.147108,0.989069,0,55.2241,35.7923,-81.0304,1
0.775984,0.622469,0.101886,0,-0.630666,0.768359,0.109015,0,-0.0104262,-0.14885,0.988805,0,55.2502,35.8098,-81.0251,1
0.776123,0.622095,0.103109,0,-0.630491,0.768338,0.110168,0,-0.0106876,-0.150513,0.98855,0,55.2413,35.799,-81.0214,1
0.77636,0.621593,0.10434,0,-0.630195,0.768395,0.111459,0,-0.0108927,-0.152287,0.988276,0,55.2641,35.8135,-80.9897,1
0.776567,0.621139,0.1055,0,-0.629937,0.768443,0.112581,0,-0.0111424,-0.153885,0.988026,0,55.2757,35.8263,-80.9792,1
0.776705,0.620737,0.106839,0,-0.629761,0.7684,0.113853,0,-0.0114228,-0.155713,0.987736,0,55.2749,35.8211,-80.9708,1
0.776923,0.620151,0.108641,0,-0.629486,0.768352,0.115682,0,-0.0117342,-0.158264,0.987327,0,55.2864,35.8258,-80.9421,1
0.77714,0.619652,0.10993,0,-0.629211,0.768411,0.116779,0,-0.0121092,-0.159922,0.987055,0,55.2808,35.849,-80.9548,1
0.777197,0.619362,0.111156,0,-0.629134,0.768321,0.117789,0,-0.0124496,-0.161477,0.986798,0,55.2599,35.8427,-80.979,1
0.777367,0.618921,0.112413,0,-0.628919,0.768303,0.119042,0,-0.0126894,-0.163238,0.986505,0,55.2675,35.8303,-80.943,1
0.777421,0.618686,0.113335,0,-0.628847,0.768251,0.119757,0,-0.0129779,-0.164372,0.986313,0,55.2295,35.8374,-80.9661,1
0.777517,0.61839,0.114288,0,-0.628725,0.768194,0.120756,0,-0.0131206,-0.165746,0.986081,0,55.2382,35.8355,-80.938,1
0.777627,0.618029,0.11548,0,-0.628584,0.768118,0.121972,0,-0.0133201,-0.167438,0.985793,0,55.2427,35.8217,-80.9177,1
0.77786,0.61736,0.117477,0,-0.628289,0.768031,0.124022,0,-0.0136598,-0.170282,0.985301,0,55.261,35.8048,-80.8807,1
0.777997,0.616932,0.118807,0,-0.628114,0.767961,0.125333,0,-0.0139171,-0.172133,0.984975,0,55.2866,35.7943,-80.8927,1
