0.658787,-0.752322,0.00352066,0,0.752243,0.658775,0.0120978,0,-0.0114207,-0.0053215,0.999921,0,43.8026,36.4445,-96.2402,1
0.658775,-0.752332,0.00357072,0,0.752253,0.658763,0.0121499,0,-0.011493,-0.00531796,0.99992,0,43.8027,36.4494,-96.4612,1
0.658793,-0.752316,0.00354744,0,0.752238,0.658782,0.0120597,0,-0.0114097,-0.00527634,0.999921,0,43.7882,36.4502,-96.7709,1
0.658775,-0.752332,0.00358927,0,0.752252,0.658764,0.0121363,0,-0.011495,-0.0052951,0.99992,0,43.7579,36.4541,-97.0321,1
0.658794,-0.752315,0.00356462,0,0.752237,0.658783,0.0120628,0,-0.0114233,-0.00526548,0.999921,0,43.7565,36.4532,-97.2703,1
0.658839,-0.752276,0.00358727,0,0.752198,0.658828,0.012009,0,-0.0113975,-0.00521365,0.999922,0,43.7255,36.4463,-97.5368,1
0.658792,-0.752316,0.0035481,0,0.752239,0.658781,0.0119979,0,-0.0113636,-0.0052351,0.999922,0,43.7228,36.463,-97.7315,1
0.658809,-0.752302,0.00351499,0,0.752226,0.658798,0.0118827,0,-0.011255,-0.00518434,0.999923,0,43.7344,36.4684,-97.9763,1
0.658777,-0.75233,0.00346013,0,0.752254,0.658766,0.0119026,0,-0.0112341,-0.00523831,0.999923,0,43.7266,36.4679,-98.1781,1
0.658832,-0.752283,0.00345959,0,0.752207,0.65882,0.0118557,0,-0.0111981,-0.00520859,0.999924,0,43.6911,36.4497,-98.5309,1
0.658814,-0.752299,0.00337796,0,0.752225,0.658802,0.0117201,0,-0.0110424,-0.00518042,0.999926,0,43.7083,36.4666,-98.7242,1
0.658824,-0.752288,0.00358431,0,0.752212,0.658815,0.0118243,0,-0.0112567,-0.00509398,0.999924,0,43.6938,36.4804,-98.9871,1
0.658821,-0.752292,0.00364373,0,0.752214,0.658811,0.0119171,0,-0.0113656,-0.00511036,0.999922,0,43.6537,36.4754,-99.2255,1
0.658827,-0.752286,0.00361963,0,0.752209,0.658817,0.0118912,0,-0.0113302,-0.00511152,0.999923,0,43.6416,36.4714,-99.4553,1
0.658804,-0.752305,0.00376978,0,0.752226,0.658796,0.0120487,0,-0.0115478,-0.005102,0.999921,0,43.6407,36.4813,-99.7182,1
0.658801,-0.752308,0.00375466,0,0.752229,0.658792,0.0120809,0,-0.0115621,-0.00513454,0.99992,0,43.6074,36.4748,-99.9772,1
0.65885,-0.752265,0.00373774,0,0.752187,0.658841,0.0119995,0,-0.0114894,-0.00509444,0.999921,0,43.6066,36.4609,-100.194,1
0.658845,-0.752269,0.00390428,0,0.752188,0.658837,0.0121247,0,-0.0116933,-0.00505158,0.999919,0,43.571,36.4711,-100.57,1
0.658854,-0.752262,0.00377988,0,0.752183,0.658846,0.0119942,0,-0.0115132,-0.00505932,0.999921,0,43.5525,36.4672,-100.781,1
0.65881,-0.7523,0.00379722,0,0.752221,0.658802,0.0119957,0,-0.011526,-0.00504657,0.999921,0,43.5842,36.4907,-100.943,1
0.658801,-0.752308,0.00380721,0,0.752229,0.658792,0.0120376,0,-0.0115641,-0.00506647,0.99992,0,43.5611,36.4895,-101.144,1
0.658844,-0.75227,0.00380005,0,0.752191,0.658836,0.01203,0,-0.0115535,-0.00506758,0.99992,0,43.5252,36.4678,-101.328,1
0.658818,-0.752293,0.00380829,0,0.752214,0.65881,0.0120218,0,-0.0115529,-0.00505556,0.999921,0,43.5094,36.4838,-101.548,1
0.658837,-0.752276,0.00381697,0,0.752197,0.658829,0.0120145,0,-0.011553,-0.0050445,0.999921,0,43.4824,36.4769,-101.776,1
0.658859,-0.752256,0.0039788,0,0.752177,0.658854,0.0119139,0,-0.0115837,-0.00485682,0.999921,0,43.4795,36.5156,-102.142,1
0.658913,-0.752209,0.00397897,0,0.75213,0.658907,0.0119153,0,-0.0115846,-0.00485846,0.999921,0,43.4694,36.4883,-102.373,1
0.65889,-0.752229,0.00390551,0,0.752151,0.658884,0.0118536,0,-0.0114899,-0.00487267,0.999922,0,43.4888,36.4958,-102.57,1
0.658865,-0.752252,0.00388164,0,0.752174,0.658858,0.0118117,0,-0.0114428,-0.00486266,0.999923,0,43.499,36.5108,-102.786,1
0.658884,-0.752234,0.00393163,0,0.752157,0.658878,0.0118484,0,-0.0115032,-0.00484954,0.999922,0,43.4811,36.5036,-103.01,1
0.658873,-0.752244,0.0039663,0,0.752165,0.658867,0.0119155,0,-0.0115766,-0.00486747,0.999921,0,43.4673,36.5022,-103.197,1
0.658882,-0.752237,0.00387631,0,0.752159,0.658875,0.0118206,0,-0.0114459,-0.00487278,0.999923,0,43.482,36.4971,-103.398,1
0.658868,-0.752249,0.00382772,0,0.752172,0.658862,0.0117853,0,-0.0113874,-0.00488586,0.999923,0,43.4794,36.5009,-103.593,1
0.658889,-0.75223,0.00388626,0,0.752153,0.658882,0.0118134,0,-0.011447,-0.00486069,0.999923,0,43.4627,36.4949,-103.864,1
0.65884,-0.752274,0.00383276,0,0.752196,0.658833,0.011834,0,-0.0114275,-0.00491373,0.999923,0,43.4656,36.5033,-104.045,1
0.658863,-0.752253,0.00386535,0,0.752176,0.658856,0.0118359,0,-0.0114503,-0.00489082,0.999923,0,43.4641,36.4966,-104.236,1
0.658864,-0.752252,0.00392461,0,0.752174,0.658858,0.0119126,0,-0.011547,-0.00489677,0.999921,0,43.4368,36.4922,-104.417,1
0.65885,-0.752264,0.00404211,0,0.752184,0.658844,0.0120344,0,-0.0117162,-0.00488847,0.99992,0,43.4253,36.4978,-104.657,1
0.658848,-0.752267,0.00389513,0,0.752188,0.658841,0.0119275,0,-0.0115389,-0.00492856,0.999922,0,43.461,36.4883,-104.821,1
0.65887,-0.752245,0.00408269,0,0.752165,0.658865,0.0120142,0,-0.0117276,-0.00484494,0.99992,0,43.4147,36.4986,-105.069,1
0.658827,-0.752283,0.00407643,0,0.752202,0.658822,0.0120712,0,-0.0117666,-0.00488654,0.999919,0,43.4035,36.5088,-105.331,1
0.658832,-0.752279,0.00406703,0,0.752199,0.658827,0.0119979,0,-0.0117052,-0.00484544,0.99992,0,43.4115,36.5178,-105.479,1
0.658861,-0.752254,0.00418218,0,0.752173,0.658857,0.0120235,0,-0.0118002,-0.00477611,0.999919,0,43.3794,36.5216,-105.699,1
0.658789,-0.752316,0.00407937,0,0.752235,0.658784,0.012087,0,-0.0117807,-0.00489414,0.999919,0,43.3951,36.5227,-105.835,1
0.658821,-0.752289,0.00399439,0,0.752211,0.658816,0.0118718,0,-0.0115625,-0.00481676,0.999922,0,43.4106,36.5312,-106.017,1
0.658889,-0.75223,0.00387776,0,0.752155,0.658883,0.0117029,0,-0.0113583,-0.00479424,0.999924,0,43.4248,36.5059,-106.093,1
0.65885,-0.752265,0.00388584,0,0.752189,0.658844,0.0116791,0,-0.0113459,-0.00477185,0.999924,0,43.4328,36.5314,-106.264,1
0.658868,-0.752248,0.00389409,0,0.752174,0.658863,0.0115909,0,-0.0112849,-0.0047079,0.999925,0,43.4177,36.5392,-106.59,1
0.65885,-0.752265,0.00384828,0,0.75219,0.658844,0.0116031,0,-0.011264,-0.00475005,0.999926,0,43.4322,36.5343,-106.738,1
0.65883,-0.752281,0.0039051,0,0.752207,0.658826,0.0115835,0,-0.0112868,-0.0046941,0.999925,0,43.4444,36.5585,-106.913,1
0.658835,-0.752277,0.00397381,0,0.752201,0.65883,0.0117333,0,-0.0114447,-0.00474121,0.999923,0,43.4255,36.5399,-107.089,1
0.658808,-0.752301,0.00404941,0,0.752223,0.658803,0.0117956,0,-0.0115416,-0.00472498,0.999922,0,43.4284,36.5553,-107.263,1
0.658796,-0.752311,0.00395009,0,0.752235,0.658791,0.0117079,0,-0.0114103,-0.00474173,0.999924,0,43.4475,36.5581,-107.442,1
0.658828,-0.752284,0.00395878,0,0.752207,0.658822,0.011734,0,-0.0114354,-0.00475283,0.999923,0,43.4494,36.5385,-107.619,1
0.658833,-0.752278,0.00407356,0,0.7522,0.658829,0.0118232,0,-0.0115781,-0.0047254,0.999922,0,43.4175,36.5423,-107.775,1
0.658822,-0.752288,0.00411594,0,0.752209,0.658818,0.0118676,0,-0.0116394,-0.00472257,0.999921,0,43.4174,36.5473,-107.992,1
0.658823,-0.752287,0.00409918,0,0.752209,0.65882,0.0118022,0,-0.0115792,-0.00469213,0.999922,0,43.4214,36.5554,-108.145,1
0.658828,-0.752283,0.00403483,0,0.752206,0.658824,0.0117501,0,-0.0114976,-0.00470627,0.999923,0,43.4269,36.5495,-108.307,1
0.658827,-0.752283,0.00415769,0,0.752205,0.658824,0.0118312,0,-0.0116396,-0.00466729,0.999922,0,43.3937,36.5592,-108.485,1
0.658812,-0.752296,0.00418453,0,0.752217,0.658809,0.0119047,0,-0.0117126,-0.00469528,0.99992,0,43.3896,36.5563,-108.614,1
0.658839,-0.752272,0.00418381,0,0.752194,0.658836,0.0118246,0,-0.0116518,-0.00464351,0.999921,0,43.3967,36.5572,-108.797,1
0.658818,-0.752291,0.00409085,0,0.752215,0.658815,0.0116323,0,-0.011446,-0.00458638,0.999924,0,43.4195,36.5864,-108.924,1
0.65884,-0.752272,0.0041,0,0.752196,0.658837,0.0116582,0,-0.0114713,-0.00459689,0.999924,0,43.4079,36.572,-109.14,1
0.658874,-0.752242,0.00414217,0,0.752165,0.658871,0.0117021,0,-0.0115319,-0.00459463,0.999923,0,43.3891,36.5543,-109.294,1
0.658849,-0.752264,0.00406752,0,0.752189,0.658846,0.0115748,0,-0.0113871,-0.0045665,0.999925,0,43.4154,36.5754,-109.413,1
0.658866,-0.752249,0.00411763,0,0.752173,0.658864,0.0115788,0,-0.0114231,-0.00453174,0.999925,0,43.4097,36.5746,-109.563,1
0.658795,-0.752311,0.00410309,0,0.752235,0.658792,0.0116254,0,-0.011449,-0.0045723,0.999924,0,43.4304,36.5975,-109.707,1
0.658861,-0.752253,0.00420153,0,0.752176,0.658859,0.0116652,0,-0.0115434,-0.00452546,0.999923,0,43.4083,36.5752,-109.852,1
0.658819,-0.752289,0.00424541,0,0.752211,0.658818,0.0117571,0,-0.0116417,-0.00455239,0.999922,0,43.3913,36.5868,-110.009,1
0.658865,-0.75225,0.00409609,0,0.752175,0.658862,0.0115694,0,-0.0114018,-0.00454172,0.999925,0,43.4124,36.5696,-110.213,1
0.658841,-0.752271,0.00416318,0,0.752194,0.658838,0.0116553,0,-0.0115108,-0.00454747,0.999924,0,43.4055,36.5784,-110.366,1
0.658856,-0.752258,0.0040977,0,0.752182,0.658853,0.0116031,0,-0.0114283,-0.00456258,0.999924,0,43.4139,36.5677,-110.495,1
0.658814,-0.752294,0.00417245,0,0.752217,0.658812,0.0116971,0,-0.0115485,-0.00456762,0.999923,0,43.414,36.5855,-110.646,1
0.658816,-0.752292,0.00418868,0,0.752215,0.658814,0.0116977,0,-0.0115596,-0.00455584,0.999923,0,43.41,36.587,-110.78,1
0.658856,-0.752259,0.00408242,0,0.752183,0.658853,0.0115687,0,-0.0113923,-0.00455135,0.999925,0,43.4186,36.5691,-110.829,1
0.658848,-0.752265,0.00414144,0,0.752189,0.658845,0.0116144,0,-0.0114656,-0.00453694,0.999924,0,43.4216,36.575,-110.967,1
0.658844,-0.752269,0.00415646,0,0.752192,0.658841,0.0116158,0,-0.0114767,-0.00452656,0.999924,0,43.4061,36.5815,-111.089,1
0.6588,-0.752306,0.00418314,0,0.752229,0.658798,0.0116577,0,-0.011526,-0.00453344,0.999923,0,43.4275,36.5985,-111.247,1
0.658812,-0.752296,0.00417718,0,0.752218,0.65881,0.0117464,0,-0.0115887,-0.00459655,0.999923,0,43.4054,36.5741,-111.371,1
0.658829,-0.752281,0.00410157,0,0.752206,0.658826,0.0115543,0,-0.0113943,-0.00452711,0.999925,0,43.432,36.5856,-111.443,1
0.65882,-0.75229,0.00410151,0,0.752214,0.658817,0.0115546,0,-0.0113945,-0.00452717,0.999925,0,43.4201,36.5909,-111.58,1
0.658818,-0.752291,0.00410133,0,0.752216,0.658816,0.0115232,0,-0.0113708,-0.0045066,0.999925,0,43.415,36.5981,-111.682,1
0.658836,-0.752275,0.00413571,0,0.7522,0.658833,0.0115904,0,-0.0114439,-0.00452533,0.999924,0,43.4131,36.5822,-111.801,1
0.658771,-0.752332,0.00417904,0,0.752256,0.658768,0.011665,0,-0.011529,-0.00454086,0.999923,0,43.4229,36.6078,-111.894,1
0.658782,-0.752323,0.00415337,0,0.752247,0.65878,0.0115911,0,-0.0114564,-0.00451165,0.999924,0,43.4256,36.6112,-112.057,1
0.658802,-0.752305,0.00417162,0,0.752229,0.6588,0.011624,0,-0.0114931,-0.00451994,0.999924,0,43.4257,36.5963,-112.163,1
0.658809,-0.752299,0.00408085,0,0.752224,0.658806,0.0115455,0,-0.0113742,-0.00453658,0.999925,0,43.419,36.5908,-112.277,1
0.658875,-0.752241,0.00421795,0,0.752166,0.658874,0.0114841,0,-0.0114179,-0.00439397,0.999925,0,43.4098,36.5968,-112.38,1
0.658844,-0.752268,0.00427541,0,0.752192,0.658843,0.0115117,0,-0.0114767,-0.00436848,0.999925,0,43.4114,36.6179,-112.491,1
0.658873,-0.752242,0.00427696,0,0.752166,0.658873,0.0115777,0,-0.0115272,-0.00441128,0.999924,0,43.3962,36.5907,-112.606,1
0.658835,-0.752275,0.00433422,0,0.752199,0.658834,0.0116055,0,-0.0115861,-0.00438596,0.999923,0,43.4143,36.6159,-112.717,1
0.65886,-0.752253,0.00431854,0,0.752177,0.65886,0.0115879,0,-0.0115624,-0.00438652,0.999924,0,43.3934,36.6028,-112.818,1
0.658841,-0.75227,0.00427625,0,0.752195,0.65884,0.0115122,0,-0.0114776,-0.00436814,0.999925,0,43.4197,36.6182,-112.968,1
0.658855,-0.752258,0.00424373,0,0.752183,0.658855,0.0114941,0,-0.0114425,-0.0043809,0.999925,0,43.4235,36.6076,-113.056,1
0.658838,-0.752272,0.00430393,0,0.752196,0.658838,0.0115705,0,-0.0115397,-0.00438568,0.999924,0,43.4311,36.6111,-113.103,1
0.658834,-0.752276,0.00429505,0,0.7522,0.658834,0.0115466,0,-0.011516,-0.0043766,0.999924,0,43.4191,36.6174,-113.225,1
0.658839,-0.752272,0.00432072,0,0.752196,0.658838,0.0115893,0,-0.0115649,-0.00438545,0.999924,0,43.4143,36.612,-113.293,1
0.65886,-0.752253,0.00442659,0,0.752175,0.658861,0.0116372,0,-0.0116706,-0.0043377,0.999923,0,43.391,36.613,-113.393,1
0.658858,-0.752255,0.00437038,0,0.752178,0.658858,0.011625,0,-0.0116244,-0.00437189,0.999923,0,43.3957,36.6048,-113.467,1
0.658853,-0.752259,0.00429831,0,0.752183,0.658853,0.0115952,0,-0.0115545,-0.00440643,0.999924,0,43.4113,36.5963,-113.586,1
0.658796,-0.75231,0.00429106,0,0.752234,0.658795,0.0115532,0,-0.0115185,-0.00438335,0.999924,0,43.4288,36.6306,-113.647,1
0.658838,-0.752273,0.00433335,0,0.752196,0.658837,0.0115961,0,-0.0115784,-0.00438044,0.999923,0,43.4137,36.6081,-113.731,1
0.65885,-0.752262,0.00438349,0,0.752184,0.65885,0.0116642,0,-0.0116626,-0.00438776,0.999923,0,43.4026,36.5983,-113.826,1
0.658819,-0.752289,0.00432775,0,0.752212,0.658819,0.011652,0,-0.0116168,-0.00442119,0.999923,0,43.4064,36.6041,-113.891,1
0.658832,-0.752277,0.00439996,0,0.7522,0.658832,0.0116329,0,-0.01165,-0.00435448,0.999923,0,43.4048,36.6158,-113.977,1
0.658883,-0.752232,0.00449201,0,0.752153,0.658884,0.0117289,0,-0.0117825,-0.00434929,0.999921,0,43.3744,36.5893,-114.087,1
0.658839,-0.752272,0.00427168,0,0.752197,0.658838,0.0115249,0,-0.0114842,-0.00437994,0.999925,0,43.4175,36.6038,-114.091,1
0.658809,-0.752299,0.00426387,0,0.752224,0.658808,0.0114837,0,-0.0114482,-0.00435821,0.999925,0,43.4187,36.6249,-114.21,1
0.658815,-0.752293,0.004332,0,0.752216,0.658815,0.0115849,0,-0.0115692,-0.00437371,0.999924,0,43.3967,36.6144,-114.3,1
0.658829,-0.752281,0.004326,0,0.752204,0.658829,0.0115751,0,-0.0115578,-0.00437196,0.999924,0,43.3801,36.6058,-114.319,1
0.658762,-0.752339,0.00436865,0,0.752262,0.658762,0.0116171,0,-0.0116179,-0.00436654,0.999923,0,43.3944,36.6382,-114.397,1
0.658811,-0.752295,0.00445286,0,0.752217,0.658812,0.0117034,0,-0.011738,-0.00436081,0.999922,0,43.3792,36.6111,-114.473,1
0.658822,-0.752285,0.00455944,0,0.752206,0.658824,0.0117189,0,-0.0118198,-0.00429105,0.999921,0,43.3656,36.6233,-114.549,1
0.658816,-0.752292,0.00435434,0,0.752216,0.658816,0.0115338,0,-0.0115455,-0.00432327,0.999924,0,43.3906,36.6199,-114.585,1
0.658807,-0.7523,0.00433382,0,0.752223,0.658807,0.0116042,0,-0.011585,-0.00438493,0.999923,0,43.3845,36.6042,-114.676,1
0.658782,-0.752322,0.00434371,0,0.752245,0.658781,0.0116277,0,-0.0116093,-0.00439259,0.999923,0,43.4025,36.6118,-114.704,1
0.658772,-0.75233,0.00445244,0,0.752251,0.658772,0.0117238,0,-0.0117533,-0.00437393,0.999921,0,43.3749,36.619,-114.786,1
0.658767,-0.752334,0.00443775,0,0.752256,0.658768,0.0116728,0,-0.0117053,-0.00435134,0.999922,0,43.4037,36.6249,-114.81,1
0.658793,-0.752311,0.00452164,0,0.752232,0.658794,0.0117428,0,-0.011813,-0.00433475,0.999921,0,43.3705,36.6136,-114.887,1
0.658803,-0.752302,0.00457314,0,0.752222,0.658804,0.0118098,0,-0.0118973,-0.00434031,0.99992,0,43.3448,36.6044,-114.96,1
0.65879,-0.752313,0.00451759,0,0.752234,0.658792,0.0117479,0,-0.0118142,-0.0043411,0.999921,0,43.3558,36.6087,-115.014,1
0.658785,-0.752319,0.00437925,0,0.752242,0.658785,0.0116146,0,-0.0116229,-0.00435727,0.999923,0,43.376,36.6068,-115.068,1
0.658754,-0.752344,0.00457092,0,0.752265,0.658756,0.0117968,0,-0.0118864,-0.00433265,0.99992,0,43.3461,36.6236,-115.165,1
0.658756,-0.752343,0.00464038,0,0.752262,0.658758,0.0118644,0,-0.011983,-0.00432498,0.999919,0,43.3279,36.6199,-115.195,1
0.658805,-0.752299,0.004766,0,0.752216,0.658808,0.0119452,0,-0.0121263,-0.00428452,0.999917,0,43.3132,36.6009,-115.269,1
0.658743,-0.752353,0.00480213,0,0.752269,0.658747,0.0120263,0,-0.0122114,-0.00430973,0.999916,0,43.3027,36.6215,-115.308,1
0.658727,-0.752367,0.0047798,0,0.752283,0.658731,0.0120156,0,-0.0121887,-0.00431926,0.999916,0,43.3182,36.6246,-115.376,1
0.658736,-0.752359,0.00469985,0,0.752277,0.658739,0.0119112,0,-0.0120574,-0.00431075,0.999918,0,43.3262,36.6208,-115.418,1
0.658703,-0.752389,0.00476687,0,0.752306,0.658706,0.0119464,0,-0.0121283,-0.00428301,0.999917,0,43.3241,36.6421,-115.469,1
0.658718,-0.752374,0.00478869,0,0.752291,0.658722,0.0120096,0,-0.0121901,-0.00430843,0.999917,0,43.2828,36.6219,-115.544,1
0.658704,-0.752387,0.00480897,0,0.752303,0.658708,0.0120576,0,-0.0122397,-0.0043246,0.999916,0,43.2785,36.6201,-115.577,1
0.658703,-0.752388,0.00481006,0,0.752305,0.658706,0.0120071,0,-0.0122024,-0.00429053,0.999916,0,43.2914,36.6278,-115.616,1
0.658686,-0.752403,0.00473086,0,0.75232,0.658689,0.0119354,0,-0.0120964,-0.00430255,0.999918,0,43.303,36.6309,-115.648,1
0.658695,-0.752395,0.00482463,0,0.752311,0.658699,0.0119967,0,-0.0122042,-0.00427257,0.999917,0,43.287,36.6295,-115.724,1
0.658662,-0.752423,0.00485169,0,0.752339,0.658666,0.0120206,0,-0.0122402,-0.00426738,0.999916,0,43.303,36.6431,-115.749,1
0.658662,-0.752422,0.00497233,0,0.752336,0.658667,0.0121719,0,-0.0124335,-0.00427634,0.999914,0,43.2645,36.6334,-115.797,1
0.658678,-0.752409,0.0049749,0,0.752322,0.658683,0.0121536,0,-0.0124213,-0.00426257,0.999914,0,43.258,36.6257,-115.842,1
0.658661,-0.752424,0.00494505,0,0.752338,0.658666,0.0121336,0,-0.0123867,-0.00427156,0.999914,0,43.2586,36.6294,-115.886,1
0.658636,-0.752445,0.00504666,0,0.752358,0.658641,0.0121859,0,-0.0124931,-0.00422918,0.999913,0,43.2436,36.6477,-115.917,1
0.65865,-0.752434,0.00492763,0,0.752349,0.658655,0.0120856,0,-0.0123392,-0.00425288,0.999915,0,43.2623,36.6308,-115.933,1
0.65868,-0.752406,0.00507131,0,0.752319,0.658686,0.0122154,0,-0.0125314,-0.00423082,0.999913,0,43.2205,36.6153,-115.999,1
0.65864,-0.752442,0.00502464,0,0.752355,0.658646,0.0121613,0,-0.0124601,-0.0042296,0.999914,0,43.2346,36.6335,-116.035,1
0.658659,-0.752425,0.00508685,0,0.752337,0.658665,0.0122512,0,-0.0125686,-0.00424235,0.999912,0,43.2067,36.614,-116.067,1
0.65861,-0.752467,0.00516632,0,0.752379,0.658616,0.0122933,0,-0.0126529,-0.00420949,0.999911,0,43.2105,36.6399,-116.146,1
0.658597,-0.752478,0.00509695,0,0.75239,0.658603,0.0122779,0,-0.0125957,-0.00425126,0.999912,0,43.2128,36.6308,-116.169,1
0.658625,-0.752454,0.00518235,0,0.752365,0.658632,0.0123302,0,-0.0126912,-0.00422199,0.999911,0,43.191,36.6202,-116.203,1
0.658622,-0.752457,0.00512562,0,0.75237,0.658628,0.0121867,0,-0.0125458,-0.00417006,0.999913,0,43.2059,36.6347,-116.21,1
0.658599,-0.752477,0.00516379,0,0.752388,0.658606,0.012284,0,-0.0126443,-0.00420511,0.999911,0,43.1826,36.6314,-116.281,1
0.658562,-0.752509,0.00513494,0,0.752421,0.658568,0.0122943,0,-0.0126333,-0.00423295,0.999912,0,43.1719,36.6379,-116.3,1
0.658594,-0.752481,0.00523646,0,0.752392,0.658602,0.0122992,0,-0.0127037,-0.00416033,0.999911,0,43.1561,36.6364,-116.353,1
0.658562,-0.752509,0.0052268,0,0.752419,0.658569,0.0123761,0,-0.0127553,-0.00421766,0.99991,0,43.1467,36.6303,-116.402,1
0.658546,-0.752522,0.0053648,0,0.75243,0.658554,0.0124779,0,-0.0129229,-0.00418061,0.999908,0,43.119,36.6389,-116.461,1
0.65856,-0.752509,0.00544288,0,0.752415,0.658569,0.0125699,0,-0.0130434,-0.0041827,0.999906,0,43.0827,36.6255,-116.5,1
0.658501,-0.75256,0.00553441,0,0.752463,0.658511,0.0127653,0,-0.0132511,-0.00424149,0.999903,0,43.0682,36.6281,-116.539,1
0.658502,-0.75256,0.00541334,0,0.752466,0.65851,0.012617,0,-0.0130598,-0.00423498,0.999906,0,43.0988,36.6281,-116.582,1
0.658495,-0.752566,0.00544323,0,0.75247,0.658504,0.0127045,0,-0.0131454,-0.00426998,0.999905,0,43.0497,36.6164,-116.616,1
0.658474,-0.752582,0.00564599,0,0.752484,0.658485,0.0128599,0,-0.013396,-0.00421943,0.999902,0,43.0287,36.6306,-116.663,1
0.658486,-0.752571,0.00572504,0,0.752472,0.658498,0.0129201,0,-0.0134932,-0.00419977,0.9999,0,43.0148,36.6233,-116.705,1
0.658455,-0.752598,0.00574018,0,0.752499,0.658467,0.012924,0,-0.0135063,-0.00419043,0.9999,0,42.9958,36.6338,-116.767,1
0.658443,-0.752609,0.00575254,0,0.752509,0.658455,0.0129453,0,-0.0135306,-0.00419495,0.9999,0,42.9942,36.6331,-116.813,1
0.658446,-0.752606,0.0057894,0,0.752506,0.658458,0.0129292,0,-0.0135426,-0.00415662,0.9999,0,42.982,36.6372,-116.843,1
0.658452,-0.7526,0.00582791,0,0.752499,0.658465,0.0130093,0,-0.0136282,-0.00418047,0.999899,0,42.9509,36.6214,-116.895,1
0.658437,-0.752613,0.00583303,0,0.752512,0.65845,0.0130209,0,-0.0136405,-0.00418404,0.999898,0,42.9549,36.6204,-116.914,1
0.658392,-0.752652,0.00592873,0,0.75255,0.658406,0.0130642,0,-0.0137363,-0.00413969,0.999897,0,42.9557,36.6476,-116.97,1
0.65843,-0.752619,0.00594957,0,0.752517,0.658444,0.0130799,0,-0.0137616,-0.00413504,0.999897,0,42.9382,36.6252,-116.998,1
0.65841,-0.752636,0.00598094,0,0.752533,0.658424,0.0131336,0,-0.0138228,-0.00414642,0.999896,0,42.9278,36.6238,-117.027,1
0.658435,-0.752614,0.00604252,0,0.75251,0.65845,0.0131591,0,-0.0138824,-0.00411741,0.999895,0,42.9021,36.6134,-117.087,1
0.658391,-0.752653,0.00595852,0,0.75255,0.658405,0.0130914,0,-0.0137764,-0.0041352,0.999897,0,42.9242,36.6246,-117.105,1
0.658352,-0.752686,0.00603824,0,0.752582,0.658367,0.0131663,0,-0.0138854,-0.0041238,0.999895,0,42.92,36.6392,-117.155,1
0.658376,-0.752664,0.00613491,0,0.752558,0.658392,0.0132899,0,-0.0140419,-0.00413285,0.999893,0,42.8653,36.6162,-117.193,1
0.658385,-0.752656,0.00617914,0,0.75255,0.658401,0.0132668,0,-0.0140537,-0.00408455,0.999893,0,42.873,36.6207,-117.262,1
0.658377,-0.752664,0.00603565,0,0.752561,0.658393,0.013106,0,-0.0138382,-0.00408652,0.999896,0,42.9001,36.6198,-117.275,1
0.658365,-0.752674,0.00609012,0,0.752571,0.658381,0.0131222,0,-0.0138864,-0.00405598,0.999895,0,42.8797,36.6279,-117.306,1
0.658327,-0.752706,0.00632311,0,0.752598,0.658345,0.0133832,0,-0.0142364,-0.00405177,0.999891,0,42.8455,36.6326,-117.391,1
0.658341,-0.752694,0.00621442,0,0.752588,0.658358,0.0133051,0,-0.014106,-0.00408244,0.999892,0,42.8533,36.6104,-117.402,1
0.658316,-0.752715,0.00628716,0,0.752607,0.658334,0.0133873,0,-0.0142159,-0.00408132,0.999891,0,42.8313,36.6153,-117.464,1
0.658283,-0.752744,0.00637051,0,0.752633,0.658301,0.0135735,0,-0.0144111,-0.00414056,0.999888,0,42.8183,36.6039,-117.51,1
0.658246,-0.752775,0.00641527,0,0.752664,0.658265,0.0135811,0,-0.0144464,-0.00411117,0.999887,0,42.8013,36.6259,-117.559,1
0.658213,-0.752805,0.00644896,0,0.752692,0.658231,0.013683,0,-0.0145455,-0.00415222,0.999886,0,42.7854,36.6214,-117.601,1
0.658234,-0.752785,0.00657786,0,0.75267,0.658254,0.0137766,0,-0.0147007,-0.0041173,0.999884,0,42.7482,36.6117,-117.673,1
0.658206,-0.752807,0.00676907,0,0.752688,0.658228,0.0139946,0,-0.0149908,-0.00411633,0.999879,0,42.7127,36.6117,-117.775,1
0.658207,-0.752806,0.00684937,0,0.752686,0.65823,0.0140533,0,-0.0150879,-0.00409459,0.999878,0,42.6829,36.6098,-117.83,1
0.658221,-0.752794,0.00678883,0,0.752675,0.658243,0.0139954,0,-0.0150044,-0.00410231,0.999879,0,42.6852,36.5949,-117.873,1
0.658185,-0.752825,0.00690099,0,0.752705,0.658208,0.0140566,0,-0.0151245,-0.00405744,0.999877,0,42.6617,36.6183,-117.942,1
0.658198,-0.752813,0.00694019,0,0.752692,0.658222,0.0141354,0,-0.0152095,-0.00408007,0.999876,0,42.6397,36.5976,-117.974,1
0.658171,-0.752836,0.00701651,0,0.752714,0.658196,0.0141782,0,-0.0152921,-0.00405027,0.999875,0,42.6182,36.615,-118.029,1
0.658189,-0.75282,0.0070318,0,0.752697,0.658215,0.0141673,0,-0.0152939,-0.00403198,0.999875,0,42.5993,36.6033,-118.093,1
0.658152,-0.752851,0.00708905,0,0.752727,0.658178,0.0142798,0,-0.0154164,-0.00406214,0.999873,0,42.5795,36.6048,-118.169,1
0.658121,-0.752877,0.00724506,0,0.752751,0.658149,0.0143649,0,-0.0155833,-0.00400011,0.999871,0,42.5709,36.6244,-118.231,1
0.65812,-0.752879,0.00719646,0,0.752753,0.658147,0.014363,0,-0.0155499,-0.00403541,0.999871,0,42.5655,36.6066,-118.257,1
0.658112,-0.752885,0.00725159,0,0.752758,0.65814,0.0143957,0,-0.0156108,-0.00401529,0.99987,0,42.5545,36.6086,-118.322,1
0.658125,-0.752873,0.00733734,0,0.752746,0.658154,0.0143818,0,-0.0156568,-0.0039419,0.99987,0,42.5568,36.6157,-118.379,1
0.658096,-0.7529,0.00715548,0,0.752776,0.658123,0.0142263,0,-0.0154202,-0.00397583,0.999873,0,42.5815,36.6162,-118.388,1
0.658105,-0.752892,0.00723691,0,0.752766,0.658133,0.0143155,0,-0.0155409,-0.00397341,0.999872,0,42.5366,36.6034,-118.465,1
0.658097,-0.752897,0.0073603,0,0.752769,0.658127,0.0144318,0,-0.0157096,-0.00395691,0.999869,0,42.5221,36.6,-118.52,1
0.658059,-0.75293,0.00742021,0,0.752801,0.658089,0.0144757,0,-0.0157823,-0.00393992,0.999868,0,42.5266,36.61,-118.598,1
0.658017,-0.752967,0.00740593,0,0.752837,0.658047,0.0145572,0,-0.0158345,-0.00400345,0.999867,0,42.5102,36.6033,-118.646,1
0.658027,-0.752957,0.00747906,0,0.752826,0.658057,0.0146385,0,-0.0159439,-0.00400216,0.999865,0,42.4865,36.5897,-118.698,1
0.65802,-0.752963,0.00754623,0,0.752829,0.658051,0.0147252,0,-0.0160534,-0.00400849,0.999863,0,42.4586,36.5798,-118.745,1
0.657975,-0.753002,0.00753563,0,0.752869,0.658006,0.0147351,0,-0.0160541,-0.00402202,0.999863,0,42.4659,36.5918,-118.821,1
0.657975,-0.753,0.00772991,0,0.752864,0.658009,0.0148351,0,-0.0162572,-0.00394156,0.99986,0,42.4351,36.605,-118.899,1
0.657955,-0.753018,0.00769766,0,0.752882,0.657988,0.0148504,0,-0.0162476,-0.0039755,0.99986,0,42.4347,36.5964,-118.944,1
0.65797,-0.753004,0.00780399,0,0.752866,0.658005,0.0149331,0,-0.0163797,-0.0039502,0.999858,0,42.3986,36.5856,-119.027,1
0.657927,-0.753039,0.00802381,0,0.752896,0.657964,0.0152063,0,-0.0167303,-0.00396353,0.999852,0,42.3353,36.5847,-119.132,1
0.657882,-0.753079,0.00797342,0,0.752936,0.657919,0.0151731,0,-0.0166724,-0.00397863,0.999853,0,42.3624,36.5959,-119.157,1
0.657917,-0.753048,0.00798415,0,0.752907,0.657954,0.0150828,0,-0.0166113,-0.00391193,0.999855,0,42.351,36.5939,-119.202,1
0.657872,-0.753086,0.0081663,0,0.75294,0.657911,0.0152908,0,-0.016888,-0.00391069,0.99985,0,42.3183,36.6032,-119.296,1
0.657846,-0.753107,0.00831456,0,0.752958,0.657887,0.0154333,0,-0.017093,-0.00389223,0.999846,0,42.2986,36.6095,-119.364,1
0.657846,-0.753107,0.00830653,0,0.752958,0.657887,0.0154573,0,-0.0171058,-0.00391409,0.999846,0,42.2538,36.5943,-119.42,1
0.65787,-0.753086,0.00831991,0,0.752938,0.657911,0.0153978,0,-0.0170696,-0.00386539,0.999847,0,42.2427,36.5902,-119.487,1
0.657842,-0.75311,0.00835194,0,0.752961,0.657883,0.0154542,0,-0.0171333,-0.00387775,0.999846,0,42.2341,36.5835,-119.56,1
0.657784,-0.753161,0.00832807,0,0.753013,0.657825,0.0154455,0,-0.0171114,-0.00388869,0.999846,0,42.2694,36.5994,-119.618,1
0.657787,-0.753157,0.00837661,0,0.753008,0.657829,0.0154831,0,-0.0171716,-0.00387693,0.999845,0,42.2309,36.5921,-119.681,1
0.657831,-0.753119,0.0084646,0,0.752969,0.657874,0.0154857,0,-0.0172312,-0.00381337,0.999844,0,42.2121,36.5802,-119.782,1
0.657764,-0.753176,0.00849418,0,0.753024,0.657808,0.0156073,0,-0.0173425,-0.00386959,0.999842,0,42.2187,36.5823,-119.825,1
0.657724,-0.753211,0.00853775,0,0.753056,0.657768,0.0157324,0,-0.0174657,-0.00391818,0.99984,0,42.2117,36.5766,-119.888,1
0.657709,-0.753224,0.00857292,0,0.753068,0.657753,0.0158151,0,-0.0175512,-0.00394572,0.999838,0,42.1827,36.5647,-119.952,1
0.657644,-0.753278,0.00874958,0,0.753119,0.657691,0.0159656,0,-0.0177811,-0.00391024,0.999834,0,42.1635,36.5912,-120.082,1
0.65769,-0.753236,0.00889995,0,0.753074,0.657739,0.0160908,0,-0.017974,-0.00388043,0.999831,0,42.1281,36.5617,-120.139,1
0.657623,-0.753293,0.00899866,0,0.75313,0.657674,0.0161636,0,-0.0180941,-0.00385244,0.999829,0,42.1128,36.5924,-120.208,1
0.657629,-0.753286,0.00916931,0,0.75312,0.657682,0.0162846,0,-0.0182975,-0.00380364,0.999825,0,42.0835,36.5928,-120.337,1
0.657591,-0.75332,0.00913147,0,0.753154,0.657643,0.0162734,0,-0.0182643,-0.00382386,0.999826,0,42.091,36.5947,-120.391,1
0.657596,-0.753314,0.00928714,0,0.753144,0.657651,0.0164078,0,-0.0184679,-0.00379516,0.999822,0,42.0499,36.5888,-120.499,1
0.657608,-0.753303,0.009327,0,0.753134,0.657663,0.0163729,0,-0.0184678,-0.00374249,0.999823,0,42.0313,36.5899,-120.573,1
0.657567,-0.753339,0.00928651,0,0.75317,0.657621,0.0163959,0,-0.0184587,-0.00378704,0.999823,0,42.0335,36.5895,-120.64,1
0.657556,-0.753347,0.00943137,0,0.753175,0.657613,0.016542,0,-0.0186641,-0.00377386,0.999819,0,42.0032,36.5813,-120.72,1
0.657508,-0.753389,0.00942595,0,0.753217,0.657565,0.0165336,0,-0.0186544,-0.00377119,0.999819,0,42.0141,36.5946,-120.8,1
0.657553,-0.753348,0.00951614,0,0.753175,0.657611,0.0165819,0,-0.0187498,-0.00373616,0.999817,0,41.9912,36.5703,-120.859,1
0.65751,-0.753386,0.00955862,0,0.753212,0.657569,0.0166102,0,-0.0187994,-0.00372174,0.999816,0,41.9892,36.5852,-120.951,1
0.657523,-0.753374,0.00957817,0,0.753199,0.657582,0.0166272,0,-0.0188249,-0.00371848,0.999816,0,41.9749,36.5668,-120.992,1
0.657489,-0.753401,0.00981874,0,0.753221,0.657552,0.0168804,0,-0.019174,-0.00370299,0.999809,0,41.9294,36.5732,-121.114,1
0.657476,-0.753411,0.0098765,0,0.75323,0.65754,0.0169097,0,-0.0192341,-0.00367842,0.999808,0,41.9172,36.5755,-121.208,1
0.657442,-0.753438,0.0100896,0,0.753252,0.657509,0.0171234,0,-0.0195355,-0.00365762,0.999803,0,41.8699,36.5777,-121.32,1
0.657419,-0.753456,0.01019,0,0.753269,0.657488,0.017197,0,-0.019657,-0.00362983,0.9998,0,41.8526,36.585,-121.424,1
0.657404,-0.75347,0.0101824,0,0.753282,0.657473,0.0171725,0,-0.0196336,-0.00361906,0.999801,0,41.8537,36.5856,-121.487,1
0.657348,-0.753517,0.010247,0,0.753326,0.657418,0.0173437,0,-0.0198053,-0.0036815,0.999797,0,41.8402,36.5785,-121.58,1
0.657349,-0.753518,0.0101667,0,0.753329,0.657417,0.0172574,0,-0.0196876,-0.00368524,0.9998,0,41.8456,36.5684,-121.635,1
0.657357,-0.75351,0.0102745,0,0.753319,0.657427,0.017323,0,-0.0198077,-0.00364744,0.999797,0,41.8302,36.5626,-121.703,1
0.657334,-0.75353,0.0102031,0,0.753341,0.657403,0.017261,0,-0.0197142,-0.00365986,0.999799,0,41.8365,36.5609,-121.779,1
0.657313,-0.753544,0.0104906,0,0.753349,0.657387,0.0175199,0,-0.0200984,-0.00361302,0.999792,0,41.7846,36.561,-121.927,1
0.657324,-0.753536,0.0104598,0,0.753342,0.657397,0.0174376,0,-0.0200161,-0.00358237,0.999793,0,41.7849,36.5545,-121.984,1
0.657272,-0.75358,0.0105469,0,0.753383,0.657347,0.0175868,0,-0.020186,-0.00361345,0.99979,0,41.7806,36.5549,-122.085,1
0.657275,-0.753578,0.0104893,0,0.753385,0.657349,0.0174452,0,-0.0200414,-0.00356381,0.999793,0,41.8012,36.5592,-122.131,1
0.657243,-0.753603,0.0107075,0,0.753404,0.657321,0.0176872,0,-0.0203674,-0.0035577,0.999786,0,41.7643,36.5596,-122.242,1
0.657237,-0.753609,0.0106732,0,0.753411,0.657314,0.0176227,0,-0.0202962,-0.00354101,0.999788,0,41.7604,36.5614,-122.305,1
0.657191,-0.753647,0.0107605,0,0.753446,0.65727,0.017789,0,-0.0204791,-0.00358332,0.999784,0,41.7586,36.5559,-122.36,1
0.657129,-0.753698,0.0109876,0,0.75349,0.657211,0.018088,0,-0.0208541,-0.00360711,0.999776,0,41.7162,36.5528,-122.488,1
0.657115,-0.753709,0.0110564,0,0.753499,0.657199,0.0181579,0,-0.020952,-0.00360089,0.999774,0,41.6869,36.5491,-122.617,1
0.657082,-0.753736,0.0112345,0,0.75352,0.657168,0.0183545,0,-0.0212174,-0.00359492,0.999769,0,41.6497,36.5496,-122.709,1
0.65706,-0.753755,0.0112125,0,0.753541,0.657146,0.0182956,0,-0.0211587,-0.00357226,0.99977,0,41.6656,36.5556,-122.787,1
0.657059,-0.753752,0.0114848,0,0.753533,0.65715,0.0185191,0,-0.021506,-0.00351403,0.999763,0,41.6185,36.5572,-122.932,1
0.657069,-0.753742,0.0115798,0,0.75352,0.657162,0.0186135,0,-0.0216396,-0.0035047,0.99976,0,41.6,36.5392,-123.02,1
0.657023,-0.753781,0.011631,0,0.753559,0.657117,0.0186172,0,-0.0216762,-0.00346727,0.999759,0,41.6026,36.561,-123.105,1
0.657014,-0.753791,0.011479,0,0.753572,0.657105,0.0184819,0,-0.0214743,-0.00349262,0.999763,0,41.6163,36.5485,-123.178,1
0.657023,-0.75378,0.0116839,0,0.753558,0.657118,0.0186224,0,-0.0217148,-0.0034308,0.999758,0,41.5872,36.5405,-123.362,1
0.656952,-0.753843,0.0116468,0,0.753622,0.657046,0.0185622,0,-0.0216455,-0.00341721,0.99976,0,41.611,36.5686,-123.439,1
0.656937,-0.753854,0.0117318,0,0.753631,0.657033,0.0186477,0,-0.0217658,-0.00340891,0.999757,0,41.5989,36.5643,-123.536,1
0.656934,-0.753854,0.011909,0,0.753627,0.657033,0.0187961,0,-0.0219941,-0.00337289,0.999752,0,41.5845,36.5579,-123.635,1
0.656924,-0.753859,0.0121487,0,0.753625,0.657027,0.0191161,0,-0.0223929,-0.00340226,0.999744,0,41.5232,36.5319,-123.744,1
0.656867,-0.753907,0.0122655,0,0.75367,0.656973,0.019189,0,-0.0225248,-0.00336048,0.999741,0,41.5215,36.5586,-123.855,1
0.656876,-0.753898,0.0123631,0,0.753658,0.656984,0.0193143,0,-0.0226833,-0.00336958,0.999737,0,41.494,36.5343,-123.944,1
0.656816,-0.753951,0.0123353,0,0.75371,0.656923,0.0193275,0,-0.0226753,-0.00339739,0.999737,0,41.5045,36.5346,-124.072,1
0.656777,-0.75398,0.0125678,0,0.753735,0.656889,0.0195056,0,-0.0229625,-0.00333807,0.999731,0,41.4864,36.554,-124.192,1
0.656775,-0.753982,0.0125567,0,0.753738,0.656887,0.0194699,0,-0.0229283,-0.00332291,0.999732,0,41.4667,36.5464,-124.271,1
0.656728,-0.754023,0.0125764,0,0.753778,0.65684,0.0195185,0,-0.022978,-0.00333853,0.999731,0,41.4651,36.5535,-124.334,1
0.656738,-0.754015,0.0125408,0,0.753769,0.656849,0.0195218,0,-0.0229571,-0.00336784,0.999731,0,41.4563,36.527,-124.405,1
0.656704,-0.754043,0.0126336,0,0.753797,0.656817,0.0195517,0,-0.0230409,-0.00331651,0.999729,0,41.4412,36.546,-124.507,1
0.656719,-0.75403,0.0126644,0,0.753783,0.656832,0.0195599,0,-0.0230672,-0.00329916,0.999729,0,41.4453,36.5282,-124.602,1
0.656674,-0.754064,0.0128986,0,0.753812,0.656793,0.0197841,0,-0.0233902,-0.00326855,0.999721,0,41.4167,36.5402,-124.728,1
0.65663,-0.754101,0.0130206,0,0.753844,0.656751,0.0199372,0,-0.023586,-0.00327586,0.999717,0,41.4067,36.5335,-124.868,1
0.65664,-0.754088,0.0132484,0,0.753826,0.656766,0.0201547,0,-0.0238995,-0.0032474,0.999709,0,41.3786,36.5171,-124.986,1
0.656578,-0.754142,0.0132637,0,0.753879,0.656704,0.0201913,0,-0.0239374,-0.00325798,0.999708,0,41.3863,36.529,-125.084,1
0.656545,-0.754168,0.013377,0,0.7539,0.656673,0.0203492,0,-0.0241311,-0.00327523,0.999704,0,41.3559,36.5225,-125.217,1
0.656544,-0.754169,0.0133895,0,0.753902,0.656673,0.0203078,0,-0.024108,-0.00323865,0.999704,0,41.3771,36.5203,-125.317,1
0.656527,-0.75418,0.0135927,0,0.753908,0.65666,0.0204985,0,-0.0243853,-0.00321017,0.999698,0,41.3646,36.5174,-125.438,1
0.656464,-0.754235,0.0136087,0,0.753962,0.656597,0.0205349,0,-0.0244236,-0.00321998,0.999697,0,41.3665,36.5296,-125.525,1
0.65647,-0.754228,0.0137402,0,0.753953,0.656606,0.0205795,0,-0.0245436,-0.00315038,0.999694,0,41.3722,36.5261,-125.695,1
0.656479,-0.754218,0.0138291,0,0.75394,0.656617,0.020696,0,-0.0246897,-0.00316022,0.99969,0,41.3378,36.5019,-125.807,1
0.65643,-0.754261,0.0137777,0,0.753985,0.656567,0.0206639,0,-0.024632,-0.00317622,0.999692,0,41.3526,36.5086,-125.913,1
0.656386,-0.754297,0.0139173,0,0.754016,0.656526,0.0208154,0,-0.024838,-0.00316905,0.999687,0,41.3252,36.5136,-126,1
0.656376,-0.754303,0.0140617,0,0.754019,0.656519,0.0209292,0,-0.0250187,-0.00313463,0.999682,0,41.2987,36.5124,-126.121,1
0.656345,-0.754326,0.0142893,0,0.754035,0.656493,0.0211616,0,-0.0253436,-0.0031147,0.999674,0,41.266,36.514,-126.238,1
0.656335,-0.754332,0.0144347,0,0.754037,0.656486,0.0213066,0,-0.0255484,-0.00309999,0.999669,0,41.2468,36.5057,-126.344,1
0.656293,-0.754366,0.0145151,0,0.754069,0.656447,0.0213973,0,-0.0256697,-0.00309755,0.999666,0,41.2519,36.5094,-126.434,1
0.656268,-0.754387,0.0145721,0,0.754089,0.656423,0.0214288,0,-0.0257311,-0.00307437,0.999664,0,41.2601,36.5105,-126.541,1
0.656284,-0.754372,0.0146636,0,0.754072,0.656441,0.0214934,0,-0.0258398,-0.00304843,0.999662,0,41.2438,36.4991,-126.612,1
0.656208,-0.754435,0.0147839,0,0.754131,0.656368,0.0216288,0,-0.0260212,-0.003044,0.999657,0,41.2535,36.5213,-126.725,1
0.656255,-0.754395,0.0147546,0,0.754093,0.656414,0.0215761,0,-0.025962,-0.00303306,0.999658,0,41.2473,36.4897,-126.798,1
0.656217,-0.754426,0.0148808,0,0.754121,0.656379,0.0216586,0,-0.0261072,-0.00299079,0.999655,0,41.2284,36.5078,-126.901,1
0.656242,-0.754405,0.0148268,0,0.754103,0.656402,0.0215628,0,-0.0259994,-0.00296942,0.999658,0,41.2506,36.4904,-126.98,1
0.656194,-0.754447,0.0147977,0,0.754146,0.656354,0.0215262,0,-0.0259529,-0.00296573,0.999659,0,41.2641,36.5038,-127.058,1
0.656189,-0.754449,0.0149259,0,0.754144,0.656352,0.0216563,0,-0.0261351,-0.00295433,0.999654,0,41.2461,36.4856,-127.22,1
0.65614,-0.754491,0.014967,0,0.754183,0.656304,0.0217354,0,-0.0262221,-0.00297365,0.999652,0,41.2596,36.4868,-127.282,1
0.656126,-0.7545,0.0151442,0,0.754188,0.656294,0.0219002,0,-0.0264627,-0.00294768,0.999646,0,41.2337,36.4845,-127.402,1
0.656083,-0.754533,0.0153148,0,0.754215,0.656256,0.0221194,0,-0.0267403,-0.0029615,0.999638,0,41.1995,36.4829,-127.518,1
0.656041,-0.754568,0.015416,0,0.754247,0.656216,0.02219,0,-0.0268601,-0.00293007,0.999635,0,41.1946,36.4995,-127.641,1
0.655981,-0.754618,0.0155159,0,0.754292,0.656158,0.0223623,0,-0.0270559,-0.00296574,0.99963,0,41.1701,36.5001,-127.739,1
0.655999,-0.7546,0.0156394,0,0.754274,0.656179,0.0223811,0,-0.027151,-0.00288556,0.999627,0,41.177,36.5027,-127.829,1
0.655983,-0.754609,0.0158561,0,0.754276,0.656169,0.0226072,0,-0.0274639,-0.00287011,0.999619,0,41.1366,36.4901,-127.981,1
0.656002,-0.754593,0.0158761,0,0.75426,0.656188,0.0225753,0,-0.0274529,-0.00283481,0.999619,0,41.1656,36.4781,-128.042,1
0.656001,-0.754591,0.016017,0,0.754255,0.65619,0.022675,0,-0.0276206,-0.00279389,0.999615,0,41.158,36.4771,-128.157,1
0.655927,-0.754657,0.0159248,0,0.754323,0.656114,0.0225987,0,-0.0275028,-0.00281063,0.999618,0,41.2008,36.4968,-128.224,1
0.65595,-0.754635,0.0160177,0,0.7543,0.656139,0.022662,0,-0.0276114,-0.00278305,0.999615,0,41.1931,36.4806,-128.347,1
0.65592,-0.754661,0.0160043,0,0.754327,0.65611,0.0226108,0,-0.027564,-0.00275841,0.999616,0,41.2044,36.4916,-128.397,1
0.655906,-0.754672,0.0160623,0,0.754336,0.656097,0.0226563,0,-0.0276365,-0.00274404,0.999614,0,41.2233,36.4917,-128.47,1
0.655863,-0.754708,0.0161071,0,0.75437,0.656056,0.0227467,0,-0.0277343,-0.002768,0.999612,0,41.2114,36.4936,-128.537,1
0.655844,-0.754722,0.0162053,0,0.75438,0.656039,0.0229206,0,-0.0279299,-0.00280743,0.999606,0,41.2036,36.465,-128.65,1
0.65583,-0.754733,0.0162952,0,0.754389,0.656026,0.0229694,0,-0.0280259,-0.00277107,0.999604,0,41.1887,36.4734,-128.754,1
0.655779,-0.754774,0.0164418,0,0.754423,0.65598,0.0231621,0,-0.0282676,-0.00278509,0.999597,0,41.1844,36.4755,-128.871,1
0.65578,-0.754773,0.0164504,0,0.754424,0.655981,0.0231083,0,-0.0282326,-0.00274342,0.999598,0,41.1768,36.4798,-128.939,1
0.65575,-0.754794,0.016693,0,0.754437,0.655957,0.0233575,0,-0.0285799,-0.00272284,0.999588,0,41.1337,36.4819,-129.057,1
0.65573,-0.754812,0.0166565,0,0.754457,0.655936,0.023311,0,-0.028521,-0.00271909,0.99959,0,41.1781,36.4803,-129.139,1
0.655741,-0.7548,0.0167463,0,0.754444,0.65595,0.0233281,0,-0.0285928,-0.00266308,0.999588,0,41.1734,36.481,-129.213,1
0.655695,-0.754836,0.0169032,0,0.754476,0.655908,0.0234639,0,-0.0287983,-0.00263212,0.999582,0,41.1726,36.4922,-129.353,1
0.655703,-0.754829,0.0169302,0,0.754468,0.655916,0.0234889,0,-0.0288349,-0.00262848,0.999581,0,41.1675,36.4783,-129.438,1
0.655716,-0.754815,0.017072,0,0.75445,0.655933,0.0236056,0,-0.0290159,-0.00259861,0.999576,0,41.1407,36.4675,-129.553,1
0.655668,-0.75486,0.0169299,0,0.754499,0.655881,0.0234926,0,-0.0288377,-0.00262975,0.999581,0,41.1873,36.4718,-129.603,1
0.655597,-0.754918,0.0170667,0,0.754553,0.655814,0.0236304,0,-0.0290315,-0.00261431,0.999575,0,41.2003,36.495,-129.677,1
0.655644,-0.754875,0.0171569,0,0.754508,0.655864,0.0236781,0,-0.0291266,-0.00257936,0.999573,0,41.175,36.471,-129.79,1
0.655578,-0.754934,0.0171151,0,0.754567,0.655796,0.0236866,0,-0.0291058,-0.00261387,0.999573,0,41.2018,36.4799,-129.831,1
0.655541,-0.754961,0.017344,0,0.754584,0.655765,0.023984,0,-0.0294806,-0.00263503,0.999562,0,41.1739,36.4628,-129.975,1
0.655548,-0.754955,0.0173355,0,0.75458,0.655772,0.0239274,0,-0.0294323,-0.00260453,0.999564,0,41.1856,36.4606,-130.032,1
0.655527,-0.75497,0.017496,0,0.754589,0.655755,0.024108,0,-0.0296739,-0.00260114,0.999556,0,41.1533,36.4563,-130.117,1
0.655479,-0.75501,0.0175154,0,0.754629,0.655708,0.0241233,0,-0.0296984,-0.00259472,0.999556,0,41.171,36.4697,-130.199,1
0.655453,-0.75503,0.0176174,0,0.754645,0.655685,0.0242439,0,-0.0298563,-0.00259583,0.999551,0,41.1728,36.4686,-130.26,1
0.655431,-0.755049,0.0176706,0,0.754664,0.655664,0.0242437,0,-0.0298911,-0.00255469,0.99955,0,41.1875,36.4859,-130.32,1
0.655454,-0.755029,0.0176558,0,0.754645,0.655687,0.0242094,0,-0.0298555,-0.00254436,0.999551,0,41.1871,36.4681,-130.394,1
0.655448,-0.755034,0.0176765,0,0.754648,0.655681,0.0242422,0,-0.0298938,-0.00254992,0.99955,0,41.2044,36.4571,-130.463,1
0.655434,-0.755042,0.0178328,0,0.754652,0.655672,0.0243938,0,-0.0301108,-0.00253103,0.999543,0,41.1924,36.4488,-130.567,1
0.655359,-0.755106,0.0178811,0,0.754716,0.655598,0.024399,0,-0.0301467,-0.00249495,0.999542,0,41.2205,36.4883,-130.662,1
0.655411,-0.75506,0.0179331,0,0.754668,0.655651,0.02445,0,-0.030219,-0.00249128,0.99954,0,41.2041,36.4514,-130.728,1
0.655404,-0.755065,0.0179659,0,0.754673,0.655645,0.0244539,0,-0.0302435,-0.00246877,0.99954,0,41.203,36.4534,-130.819,1
0.65534,-0.75512,0.0180124,0,0.754726,0.655583,0.0245102,0,-0.0303168,-0.00246809,0.999537,0,41.2242,36.4706,-130.902,1
0.655325,-0.755132,0.0180485,0,0.754736,0.655569,0.02456,0,-0.030378,-0.00247294,0.999536,0,41.2262,36.4647,-130.974,1
0.655293,-0.755157,0.0181663,0,0.754757,0.65554,0.0246806,0,-0.0305464,-0.00246191,0.99953,0,41.2104,36.4701,-131.049,1
0.655326,-0.755126,0.0182305,0,0.754726,0.655575,0.0247223,0,-0.0306199,-0.00244219,0.999528,0,41.2098,36.4436,-131.19,1
0.655326,-0.755122,0.0183714,0,0.754717,0.65558,0.0248549,0,-0.0308124,-0.00242282,0.999523,0,41.1706,36.4368,-131.263,1
0.655308,-0.755139,0.0183752,0,0.754732,0.655561,0.0248858,0,-0.0308383,-0.00243955,0.999522,0,41.182,36.4295,-131.341,1
0.655265,-0.755173,0.0184742,0,0.754764,0.655521,0.0249737,0,-0.0309697,-0.00242069,0.999518,0,41.2039,36.4439,-131.427,1
0.655253,-0.755182,0.0185199,0,0.754771,0.655511,0.0250484,0,-0.0310561,-0.00243483,0.999515,0,41.185,36.4331,-131.473,1
0.655263,-0.755169,0.018739,0,0.754752,0.655526,0.0252058,0,-0.0313185,-0.0023731,0.999507,0,41.1657,36.4344,-131.561,1
0.65524,-0.755187,0.0188015,0,0.754767,0.655505,0.0252959,0,-0.0314276,-0.00238412,0.999503,0,41.1705,36.4277,-131.638,1
0.655201,-0.755219,0.0188702,0,0.754797,0.655469,0.0253646,0,-0.0315246,-0.00237577,0.9995,0,41.1688,36.4371,-131.696,1
0.655214,-0.755207,0.0188964,0,0.754785,0.655483,0.025342,0,-0.0315247,-0.00234178,0.9995,0,41.1855,36.4304,-131.828,1
0.655224,-0.755196,0.0189941,0,0.754772,0.655495,0.0254173,0,-0.0316455,-0.00231786,0.999497,0,41.1573,36.4239,-131.87,1
0.655216,-0.7552,0.0191149,0,0.754772,0.655491,0.0255185,0,-0.0318012,-0.00229273,0.999492,0,41.1405,36.4264,-131.933,1
0.655227,-0.75519,0.0191153,0,0.754762,0.655502,0.0255183,0,-0.0318013,-0.00229278,0.999492,0,41.1548,36.4116,-131.991,1
0.655207,-0.755207,0.0191479,0,0.754779,0.655483,0.0255067,0,-0.0318139,-0.00225972,0.999491,0,41.1761,36.4231,-132.044,1
0.655161,-0.755248,0.0190958,0,0.75482,0.655436,0.0255062,0,-0.0317795,-0.00229682,0.999492,0,41.2097,36.4223,-132.097,1
0.65514,-0.755261,0.0192956,0,0.75483,0.65542,0.0256169,0,-0.0319942,-0.00221775,0.999486,0,41.1822,36.4493,-132.19,1
0.65515,-0.755256,0.0191698,0,0.754829,0.655427,0.025474,0,-0.0318038,-0.00221938,0.999492,0,41.2296,36.4335,-132.263,1
0.655084,-0.755312,0.0192035,0,0.754881,0.655362,0.0256071,0,-0.0319266,-0.00227841,0.999488,0,41.2368,36.4309,-132.33,1
0.655113,-0.755286,0.019233,0,0.754856,0.655391,0.0255969,0,-0.0319382,-0.00225076,0.999487,0,41.2353,36.4196,-132.381,1
0.655085,-0.755313,0.0191611,0,0.754884,0.655361,0.0255335,0,-0.0318432,-0.00226224,0.99949,0,41.2679,36.4218,-132.444,1
0.655005,-0.75538,0.0192513,0,0.754946,0.655284,0.0256816,0,-0.0320143,-0.00228789,0.999485,0,41.2825,36.4361,-132.481,1
0.655044,-0.755345,0.0192633,0,0.754912,0.655324,0.0256552,0,-0.0320022,-0.00226325,0.999485,0,41.2617,36.4207,-132.557,1
0.655054,-0.755333,0.019408,0,0.754897,0.655338,0.0257512,0,-0.0321695,-0.00221741,0.99948,0,41.2618,36.4201,-132.634,1
0.655041,-0.755345,0.0194072,0,0.75491,0.655325,0.0257207,0,-0.032146,-0.00219746,0.999481,0,41.283,36.4258,-132.683,1
0.655005,-0.755371,0.0195585,0,0.754931,0.655294,0.0258744,0,-0.0323613,-0.00218258,0.999474,0,41.2711,36.4313,-132.792,1
0.654982,-0.755386,0.0197642,0,0.754939,0.655277,0.0260611,0,-0.0326372,-0.00214877,0.999465,0,41.2438,36.4392,-132.852,1
0.654953,-0.755411,0.0197854,0,0.754961,0.655248,0.026141,0,-0.0327115,-0.00218391,0.999463,0,41.2468,36.4303,-132.931,1
0.65495,-0.755412,0.019826,0,0.754961,0.655247,0.026169,0,-0.0327593,-0.00217154,0.999461,0,41.2421,36.4266,-132.991,1
0.654938,-0.755424,0.0197699,0,0.754976,0.655233,0.0261093,0,-0.0326775,-0.00217424,0.999464,0,41.2468,36.4261,-133.019,1
0.654943,-0.755415,0.0199697,0,0.754961,0.655244,0.0262516,0,-0.0329159,-0.00211703,0.999456,0,41.2167,36.4322,-133.098,1
0.654924,-0.755432,0.0199624,0,0.754978,0.655224,0.0262592,0,-0.0329168,-0.00212657,0.999456,0,41.2251,36.4305,-133.123,1
0.654884,-0.755468,0.0198817,0,0.755018,0.655182,0.0261713,0,-0.0327977,-0.00212812,0.99946,0,41.2697,36.4427,-133.189,1
0.654937,-0.755418,0.0200081,0,0.754965,0.65524,0.0262365,0,-0.0329296,-0.00207785,0.999456,0,41.2354,36.4254,-133.268,1
0.654888,-0.755459,0.0200814,0,0.755003,0.655193,0.0263309,0,-0.0330491,-0.00208226,0.999452,0,41.2473,36.4378,-133.332,1
0.654867,-0.755479,0.0200327,0,0.755025,0.65517,0.0262792,0,-0.0329782,-0.00208415,0.999454,0,41.2756,36.4411,-133.372,1
0.654845,-0.755495,0.0201294,0,0.755038,0.655152,0.0263383,0,-0.0330862,-0.00204912,0.999451,0,41.2755,36.4534,-133.416,1
0.654835,-0.755504,0.0201341,0,0.755045,0.655141,0.0263997,0,-0.0331358,-0.00208528,0.999449,0,41.274,36.4353,-133.457,1
0.654831,-0.755502,0.0203389,0,0.755036,0.655143,0.0266195,0,-0.033436,-0.00207463,0.999439,0,41.2494,36.4268,-133.553,1
0.654805,-0.755527,0.0202546,0,0.755063,0.655115,0.0265526,0,-0.0333303,-0.0020933,0.999442,0,41.2824,36.4235,-133.61,1
0.654824,-0.755511,0.0202213,0,0.755049,0.655133,0.0265032,0,-0.033271,-0.00208686,0.999444,0,41.3085,36.4091,-133.629,1
0.654804,-0.755527,0.0202626,0,0.755063,0.655114,0.0265637,0,-0.033344,-0.00209448,0.999442,0,41.3027,36.4082,-133.712,1
0.654778,-0.755545,0.0204222,0,0.755077,0.655093,0.0266776,0,-0.0335345,-0.00204756,0.999436,0,41.3034,36.4261,-133.755,1
0.65472,-0.755594,0.0204565,0,0.755124,0.655037,0.0267287,0,-0.0335959,-0.00205261,0.999434,0,41.3167,36.4431,-133.795,1
0.654742,-0.755577,0.0204051,0,0.755109,0.655057,0.0266624,0,-0.033512,-0.00204893,0.999436,0,41.3194,36.4295,-133.849,1
0.654748,-0.755569,0.0205223,0,0.755098,0.655067,0.0267353,0,-0.0336438,-0.00200859,0.999432,0,41.3204,36.4332,-133.928,1
0.654735,-0.755582,0.0204743,0,0.755112,0.655052,0.026715,0,-0.0335971,-0.00203085,0.999434,0,41.3381,36.4254,-133.958,1
0.65473,-0.755582,0.0206117,0,0.755108,0.655052,0.0268177,0,-0.0337646,-0.00199427,0.999428,0,41.3213,36.4291,-134.051,1
0.654717,-0.755597,0.020501,0,0.755125,0.655034,0.0267574,0,-0.0336467,-0.00203765,0.999432,0,41.3593,36.4139,-134.066,1
0.654713,-0.755594,0.0206885,0,0.755117,0.655037,0.0269275,0,-0.033898,-0.00200754,0.999423,0,41.3388,36.412,-134.121,1
0.654704,-0.7556,0.0207515,0,0.755121,0.65503,0.0269843,0,-0.0339822,-0.00199685,0.999421,0,41.3282,36.4131,-134.182,1
0.654709,-0.755594,0.0208301,0,0.755111,0.655038,0.0270756,0,-0.0341027,-0.00199765,0.999416,0,41.3139,36.4038,-134.24,1
0.654689,-0.755612,0.0208078,0,0.755131,0.655017,0.0270152,0,-0.0340424,-0.00197396,0.999419,0,41.3204,36.42,-134.268,1
0.654698,-0.755604,0.0208315,0,0.755122,0.655026,0.0270593,0,-0.0340913,-0.00198539,0.999417,0,41.3324,36.4041,-134.298,1
0.654672,-0.755624,0.0209005,0,0.755142,0.655003,0.0270614,0,-0.0341381,-0.00193353,0.999415,0,41.344,36.4273,-134.392,1
0.654662,-0.755632,0.0209007,0,0.755149,0.654993,0.0270789,0,-0.0341516,-0.00194439,0.999415,0,41.3579,36.4207,-134.426,1
0.654671,-0.755621,0.0210418,0,0.755135,0.655007,0.0271609,0,-0.0343058,-0.00189209,0.99941,0,41.3369,36.4262,-134.464,1
0.65467,-0.75562,0.0211339,0,0.755129,0.655008,0.0272889,0,-0.0344629,-0.0019064,0.999404,0,41.3134,36.4109,-134.508,1
0.654661,-0.755632,0.0209761,0,0.755147,0.654994,0.0271418,0,-0.0342485,-0.00192869,0.999412,0,41.3496,36.4078,-134.539,1
0.65467,-0.755628,0.020861,0,0.755145,0.654999,0.0270527,0,-0.0341057,-0.00195748,0.999416,0,41.3719,36.3902,-134.561,1
0.654684,-0.755611,0.0210064,0,0.755127,0.655018,0.0271151,0,-0.0342481,-0.00188929,0.999412,0,41.364,36.4018,-134.641,1
0.654619,-0.755667,0.0210075,0,0.755179,0.654954,0.0272134,0,-0.0343232,-0.00195003,0.999409,0,41.3772,36.399,-134.67,1
0.654614,-0.755669,0.0210869,0,0.755178,0.654951,0.027304,0,-0.0344436,-0.00194924,0.999405,0,41.3538,36.3948,-134.732,1
0.654624,-0.755659,0.0211127,0,0.755169,0.654962,0.0272804,0,-0.0344426,-0.0019148,0.999405,0,41.3685,36.3977,-134.771,1
0.654611,-0.75567,0.0211635,0,0.755177,0.654951,0.027349,0,-0.0345278,-0.00192075,0.999402,0,41.3732,36.3916,-134.781,1
0.65459,-0.755684,0.0212759,0,0.755188,0.654933,0.0274574,0,-0.0346835,-0.00190613,0.999397,0,41.3613,36.3975,-134.852,1
0.654569,-0.755704,0.0212551,0,0.755208,0.654911,0.0274282,0,-0.0346478,-0.00190161,0.999398,0,41.3727,36.4068,-134.866,1
0.654589,-0.755685,0.0213007,0,0.755188,0.654933,0.027469,0,-0.0347084,-0.00189489,0.999396,0,41.3571,36.3939,-134.932,1
0.654549,-0.755715,0.0214569,0,0.755211,0.654898,0.0276661,0,-0.0349597,-0.00190437,0.999387,0,41.3307,36.3975,-134.961,1
0.654593,-0.755679,0.021395,0,0.755178,0.65494,0.0275621,0,-0.0348405,-0.00188496,0.999391,0,41.3552,36.3802,-135.008,1
0.654571,-0.755697,0.0214098,0,0.755196,0.654919,0.0275817,0,-0.0348651,-0.00188561,0.99939,0,41.3657,36.3842,-135.053,1
0.654548,-0.75572,0.0212953,0,0.755225,0.654892,0.0274269,0,-0.0346731,-0.00186953,0.999397,0,41.4039,36.4035,-135.053,1
0.65453,-0.755734,0.0213826,0,0.755234,0.654877,0.0275426,0,-0.0348178,-0.00187856,0.999392,0,41.3873,36.4026,-135.106,1
0.654534,-0.755731,0.0213666,0,0.755233,0.65488,0.0274765,0,-0.0347574,-0.00184759,0.999394,0,41.4131,36.4096,-135.12,1
0.654559,-0.755707,0.0214359,0,0.755205,0.654907,0.0276098,0,-0.0349034,-0.00188373,0.999389,0,41.3995,36.3731,-135.15,1
0.654533,-0.755724,0.0216117,0,0.755216,0.654888,0.0277738,0,-0.0351425,-0.00185735,0.999381,0,41.3648,36.3855,-135.196,1
0.654516,-0.755741,0.0215473,0,0.755237,0.654868,0.0276698,0,-0.0350219,-0.00183704,0.999385,0,41.3833,36.4011,-135.23,1
0.654541,-0.755721,0.0215097,0,0.755218,0.654892,0.0276235,0,-0.0349621,-0.00183619,0.999387,0,41.4029,36.3866,-135.244,1
0.654505,-0.755754,0.0214105,0,0.755254,0.654853,0.0275532,0,-0.0348442,-0.00186337,0.999391,0,41.436,36.3921,-135.261,1
0.654524,-0.755738,0.0214292,0,0.755237,0.654872,0.0275519,0,-0.0348554,-0.00184927,0.999391,0,41.4399,36.3839,-135.283,1
0.654522,-0.755736,0.0215456,0,0.755233,0.654874,0.0276256,0,-0.0349873,-0.00180965,0.999386,0,41.4333,36.3924,-135.309,1
0.654511,-0.755744,0.021622,0,0.755239,0.654865,0.0276857,0,-0.0350828,-0.00179078,0.999383,0,41.4286,36.3987,-135.336,1
0.654491,-0.75576,0.0216268,0,0.755255,0.654846,0.0276978,0,-0.0350951,-0.00179427,0.999383,0,41.4394,36.4024,-135.361,1
0.654489,-0.755763,0.0216175,0,0.755256,0.654843,0.0277232,0,-0.0351082,-0.00181778,0.999382,0,41.4317,36.3908,-135.392,1
0.654484,-0.755763,0.0217554,0,0.755253,0.654843,0.0278081,0,-0.0352627,-0.00176907,0.999377,0,41.4261,36.4048,-135.437,1
0.654482,-0.755764,0.0217759,0,0.755253,0.654842,0.0278376,0,-0.0352984,-0.00177289,0.999375,0,41.4164,36.3999,-135.45,1
0.654464,-0.755779,0.0218199,0,0.755264,0.654825,0.0279453,0,-0.0354087,-0.00180943,0.999371,0,41.4028,36.3867,-135.498,1
0.65446,-0.755783,0.021783,0,0.755273,0.65482,0.027816,0,-0.0352868,-0.00175236,0.999376,0,41.4457,36.4099,-135.496,1
0.654474,-0.755773,0.0217005,0,0.755265,0.654831,0.0277794,0,-0.0352051,-0.00179131,0.999379,0,41.4588,36.387,-135.51,1
0.654443,-0.755797,0.0218021,0,0.755284,0.654803,0.0278973,0,-0.0353608,-0.00179041,0.999373,0,41.4322,36.3968,-135.556,1
0.654412,-0.755823,0.0218373,0,0.755309,0.654774,0.0279307,0,-0.0354091,-0.00178429,0.999372,0,41.4513,36.4104,-135.585,1
0.654417,-0.755817,0.0219071,0,0.755299,0.654781,0.0280127,0,-0.0355168,-0.00178557,0.999367,0,41.4173,36.4018,-135.611,1
0.654405,-0.755828,0.0218583,0,0.755314,0.654768,0.0279439,0,-0.0354329,-0.00177675,0.999371,0,41.4397,36.4113,-135.601,1
0.654445,-0.75579,0.0219697,0,0.755271,0.654811,0.0280709,0,-0.0356017,-0.00177782,0.999365,0,41.4027,36.3842,-135.648,1
0.654421,-0.75581,0.0220138,0,0.755289,0.654789,0.0281121,0,-0.0356618,-0.00177041,0.999363,0,41.4243,36.3931,-135.655,1
0.654433,-0.755799,0.0220228,0,0.755279,0.654801,0.0281037,0,-0.0356613,-0.00175872,0.999362,0,41.4146,36.3899,-135.659,1
0.654383,-0.755842,0.0220265,0,0.75532,0.654752,0.0281323,0,-0.0356855,-0.00177225,0.999362,0,41.427,36.4065,-135.684,1
0.654386,-0.75584,0.0220173,0,0.755317,0.654754,0.0281746,0,-0.0357114,-0.00180699,0.999361,0,41.4186,36.3891,-135.716,1
0.654368,-0.755855,0.0220446,0,0.755331,0.654737,0.0281827,0,-0.0357354,-0.00179083,0.99936,0,41.4327,36.3993,-135.732,1
0.654385,-0.755841,0.0220134,0,0.755323,0.654753,0.0280633,0,-0.0356248,-0.00173697,0.999364,0,41.4443,36.4141,-135.734,1
0.654376,-0.755851,0.0219465,0,0.755333,0.654742,0.0280297,0,-0.0355555,-0.001765,0.999366,0,41.4569,36.4062,-135.732,1
0.654383,-0.755843,0.0220155,0,0.755322,0.654751,0.0281125,0,-0.0356633,-0.00176751,0.999363,0,41.4494,36.3965,-135.755,1
0.654379,-0.755847,0.022011,0,0.755325,0.654747,0.0281329,0,-0.0356757,-0.00178412,0.999362,0,41.4506,36.39,-135.784,1
0.654351,-0.755872,0.0219714,0,0.755352,0.654718,0.0280873,0,-0.0356155,-0.00178285,0.999364,0,41.4586,36.4038,-135.774,1
0.654393,-0.755833,0.0220537,0,0.755311,0.654762,0.0281431,0,-0.0357114,-0.00175922,0.999361,0,41.4298,36.3885,-135.793,1
0.654386,-0.755838,0.0220781,0,0.755316,0.654757,0.0281522,0,-0.0357342,-0.00174652,0.99936,0,41.4349,36.3941,-135.795,1
0.654365,-0.755858,0.0220223,0,0.755338,0.654733,0.0281055,0,-0.0356625,-0.00175699,0.999363,0,41.4512,36.4019,-135.826,1
0.654397,-0.75583,0.0220455,0,0.755306,0.654766,0.0281674,0,-0.0357244,-0.00178163,0.99936,0,41.4421,36.3715,-135.807,1
0.654405,-0.755822,0.0220698,0,0.755301,0.654775,0.0281117,0,-0.0356982,-0.00172714,0.999361,0,41.4331,36.3917,-135.856,1
0.654343,-0.755876,0.0220688,0,0.755354,0.654712,0.0281608,0,-0.0357348,-0.00175705,0.99936,0,41.4688,36.4055,-135.841,1
0.654384,-0.755842,0.0220012,0,0.755323,0.654752,0.0280612,0,-0.0356152,-0.00174482,0.999364,0,41.4651,36.3934,-135.83,1
0.65439,-0.755834,0.0221061,0,0.755312,0.654761,0.0281433,0,-0.0357459,-0.00171966,0.99936,0,41.4414,36.3965,-135.873,1
0.654371,-0.75585,0.022107,0,0.755328,0.654743,0.0281429,0,-0.0357462,-0.00171788,0.99936,0,41.4651,36.405,-135.876,1
0.65436,-0.755861,0.0220654,0,0.755338,0.65473,0.0281652,0,-0.0357358,-0.00176332,0.99936,0,41.4551,36.3913,-135.878,1
0.654389,-0.755834,0.0221269,0,0.755311,0.654761,0.0281739,0,-0.0357826,-0.001724,0.999358,0,41.4454,36.391,-135.881,1
0.654364,-0.755857,0.0220735,0,0.755335,0.654734,0.0281576,0,-0.0357354,-0.00175252,0.99936,0,41.4598,36.3922,-135.866,1
0.654383,-0.75584,0.022112,0,0.755317,0.654755,0.0281707,0,-0.0357705,-0.00173287,0.999359,0,41.4425,36.3902,-135.895,1
0.654354,-0.755864,0.0221372,0,0.75534,0.654727,0.0281965,0,-0.0358065,-0.00172944,0.999357,0,41.4546,36.4039,-135.906,1
0.65437,-0.755849,0.0221749,0,0.755325,0.654744,0.0281948,0,-0.0358298,-0.00170057,0.999357,0,41.4586,36.4068,-135.918,1
0.654338,-0.755878,0.022152,0,0.755351,0.654711,0.0282652,0,-0.0358682,-0.00176243,0.999355,0,41.4406,36.396,-135.893,1
0.654343,-0.755874,0.0221157,0,0.75535,0.654715,0.0282002,0,-0.0357952,-0.0017475,0.999358,0,41.4604,36.4018,-135.9,1
0.65435,-0.755868,0.0221445,0,0.755344,0.654722,0.0281889,0,-0.0358056,-0.00171869,0.999357,0,41.4659,36.4092,-135.895,1
0.654377,-0.755844,0.0221692,0,0.755319,0.65475,0.0282164,0,-0.0358424,-0.00171931,0.999356,0,41.4536,36.3956,-135.922,1
0.654352,-0.755865,0.0221706,0,0.75534,0.654725,0.0282305,0,-0.0358541,-0.00172633,0.999356,0,41.4479,36.4043,-135.916,1
0.654326,-0.75589,0.0220912,0,0.755367,0.654697,0.028174,0,-0.0357594,-0.00174804,0.999359,0,41.4715,36.4107,-135.905,1
0.654349,-0.755868,0.022162,0,0.755344,0.654722,0.0282065,0,-0.0358303,-0.00171693,0.999357,0,41.4588,36.4095,-135.909,1
0.65436,-0.75586,0.0221131,0,0.755337,0.654731,0.0281544,0,-0.0357589,-0.00172027,0.999359,0,41.4552,36.4049,-135.885,1
0.654362,-0.755857,0.0221386,0,0.755333,0.654734,0.0281958,0,-0.0358069,-0.0017282,0.999357,0,41.4542,36.3994,-135.91,1
0.654358,-0.755861,0.0221455,0,0.755337,0.654731,0.0281887,0,-0.035806,-0.00171813,0.999357,0,41.4658,36.4046,-135.906,1
0.654358,-0.755864,0.0220553,0,0.75534,0.654727,0.0281906,0,-0.0357485,-0.00178757,0.999359,0,41.4592,36.3792,-135.893,1
0.654391,-0.755832,0.0221522,0,0.755308,0.654764,0.0281827,0,-0.0358059,-0.00171079,0.999357,0,41.455,36.3919,-135.901,1
0.65435,-0.755868,0.0221412,0,0.755342,0.654722,0.0282259,0,-0.0358313,-0.0017455,0.999357,0,41.4497,36.3976,-135.906,1
0.654374,-0.755847,0.0221278,0,0.755324,0.654746,0.0281565,0,-0.0357701,-0.00171129,0.999359,0,41.4537,36.4013,-135.902,1
0.654347,-0.75587,0.02214,0,0.755345,0.65472,0.0282113,0,-0.0358196,-0.00173664,0.999357,0,41.4576,36.4029,-135.915,1
0.654325,-0.755889,0.0221549,0,0.755364,0.654698,0.028213,0,-0.0358306,-0.00172546,0.999357,0,41.477,36.4173,-135.919,1
0.654403,-0.755821,0.0221693,0,0.755296,0.654777,0.0282157,0,-0.035842,-0.00172005,0.999356,0,41.4316,36.3825,-135.92,1
0.654363,-0.755857,0.0221138,0,0.755334,0.654735,0.0281695,0,-0.0357707,-0.00172983,0.999359,0,41.4774,36.3985,-135.904,1
0.654386,-0.755836,0.022141,0,0.755311,0.654758,0.0282256,0,-0.035831,-0.00174709,0.999356,0,41.4471,36.379,-135.894,1
0.65434,-0.755876,0.0221579,0,0.75535,0.654713,0.0282428,0,-0.0358551,-0.00174342,0.999356,0,41.4459,36.4025,-135.906,1
0.654318,-0.755898,0.0220632,0,0.755374,0.654687,0.0281836,0,-0.0357484,-0.00177506,0.999359,0,41.4781,36.4029,-135.874,1
0.654363,-0.755857,0.0221133,0,0.755334,0.654735,0.0281693,0,-0.0357703,-0.00173003,0.999359,0,41.4642,36.3989,-135.902,1
0.654342,-0.755875,0.022112,0,0.755353,0.654714,0.028154,0,-0.035758,-0.00172002,0.999359,0,41.4788,36.4134,-135.909,1
0.65433,-0.755884,0.022174,0,0.755357,0.654704,0.0282603,0,-0.0358789,-0.00174229,0.999355,0,41.4465,36.4072,-135.912,1
0.654347,-0.755871,0.0221238,0,0.755346,0.654719,0.0281932,0,-0.0357953,-0.00173704,0.999358,0,41.456,36.403,-135.9,1
0.654336,-0.755881,0.0221143,0,0.755358,0.654707,0.0281694,0,-0.0357711,-0.0017281,0.999359,0,41.4618,36.4131,-135.896,1
0.654378,-0.755844,0.0221247,0,0.755319,0.65475,0.0282089,0,-0.0358077,-0.00174813,0.999357,0,41.4566,36.3833,-135.909,1
0.654371,-0.75585,0.0221468,0,0.755325,0.654743,0.0282045,0,-0.0358188,-0.00172817,0.999357,0,41.447,36.395,-135.908,1
0.65436,-0.755858,0.0221718,0,0.755332,0.654734,0.0282307,0,-0.035855,-0.00172594,0.999356,0,41.4475,36.3997,-135.92,1
0.654387,-0.755837,0.0221288,0,0.755313,0.654758,0.0281719,0,-0.0357824,-0.00172113,0.999358,0,41.4563,36.3908,-135.903,1
0.654359,-0.75586,0.0221457,0,0.755336,0.654731,0.0281898,0,-0.035807,-0.00171879,0.999357,0,41.4605,36.4048,-135.912,1
0.654376,-0.755844,0.022162,0,0.75532,0.654749,0.0282074,0,-0.0358309,-0.00171888,0.999357,0,41.4504,36.3958,-135.922,1
0.654393,-0.755829,0.0221911,0,0.755305,0.654767,0.0281967,0,-0.0358419,-0.00169063,0.999356,0,41.4409,36.3991,-135.926,1
0.654348,-0.755869,0.0221787,0,0.755343,0.654721,0.0282241,0,-0.0358546,-0.00171584,0.999356,0,41.4552,36.4098,-135.917,1
0.654368,-0.75585,0.0221883,0,0.755324,0.654742,0.0282479,0,-0.0358788,-0.00172521,0.999355,0,41.4442,36.3952,-135.917,1
0.654326,-0.755889,0.0221427,0,0.755363,0.654698,0.0282406,0,-0.0358435,-0.00175279,0.999356,0,41.4662,36.4054,-135.904,1
0.65433,-0.755887,0.0220637,0,0.755363,0.6547,0.0281996,0,-0.0357608,-0.00178578,0.999359,0,41.468,36.3929,-135.905,1
0.654362,-0.755857,0.0221426,0,0.755331,0.654734,0.0282409,0,-0.0358436,-0.00175478,0.999356,0,41.4512,36.3873,-135.916,1
0.654377,-0.755844,0.0221292,0,0.755321,0.654749,0.0281722,0,-0.0357828,-0.00172063,0.999358,0,41.4539,36.3956,-135.903,1
0.65437,-0.75585,0.0221549,0,0.755325,0.654743,0.0282133,0,-0.0358308,-0.00172781,0.999357,0,41.4623,36.3944,-135.92,1
0.654368,-0.755852,0.0221534,0,0.755328,0.65474,0.0281985,0,-0.0358185,-0.00171912,0.999357,0,41.4546,36.4003,-135.922,1
0.654375,-0.755845,0.0221867,0,0.755319,0.654749,0.0282332,0,-0.0358666,-0.00171706,0.999355,0,41.4383,36.3963,-135.927,1
0.654358,-0.755862,0.0221227,0,0.755338,0.654729,0.0281937,0,-0.0357949,-0.0017386,0.999358,0,41.4517,36.3985,-135.922,1
0.65438,-0.755842,0.0221307,0,0.755318,0.654752,0.028187,0,-0.035795,-0.00172931,0.999358,0,41.4463,36.3903,-135.901,1
0.654366,-0.755855,0.0221075,0,0.755331,0.654737,0.0281759,0,-0.0357715,-0.00173884,0.999359,0,41.4544,36.3937,-135.891,1
0.654366,-0.755855,0.0221233,0,0.75533,0.654738,0.0281932,0,-0.0357949,-0.00173829,0.999358,0,41.4644,36.3933,-135.908,1
0.654344,-0.755873,0.0221426,0,0.755347,0.654716,0.0282408,0,-0.0358436,-0.00175386,0.999356,0,41.4644,36.3962,-135.919,1
0.654346,-0.755873,0.0221017,0,0.755349,0.654716,0.0281969,0,-0.0357835,-0.00175606,0.999358,0,41.4575,36.3963,-135.896,1
0.654367,-0.755852,0.0221702,0,0.755328,0.65474,0.0282159,0,-0.0358428,-0.00171774,0.999356,0,41.4494,36.4006,-135.926,1
0.654386,-0.755837,0.0221293,0,0.755313,0.654758,0.0281721,0,-0.0357828,-0.00172088,0.999358,0,41.4467,36.3912,-135.902,1
0.654362,-0.755857,0.0221467,0,0.755333,0.654734,0.0282045,0,-0.0358188,-0.0017278,0.999357,0,41.4569,36.3993,-135.919,1
0.654347,-0.755871,0.0221359,0,0.755348,0.654719,0.0281651,0,-0.0357819,-0.00170944,0.999358,0,41.4578,36.4152,-135.907,1
0.654354,-0.755863,0.0221728,0,0.755337,0.654728,0.0282453,0,-0.0358667,-0.00173454,0.999355,0,41.4514,36.3986,-135.934,1
0.654403,-0.755822,0.0221456,0,0.755298,0.654776,0.0281889,0,-0.0358062,-0.00172042,0.999357,0,41.4515,36.3817,-135.898,1
0.654367,-0.755852,0.0221497,0,0.755327,0.65474,0.0282343,0,-0.0358433,-0.00174531,0.999356,0,41.4491,36.3883,-135.905,1
0.654411,-0.755812,0.0222415,0,0.755285,0.654787,0.0282632,0,-0.0359251,-0.00169713,0.999353,0,41.409,36.3854,-135.939,1
0.654359,-0.755858,0.0222125,0,0.755331,0.654734,0.0282742,0,-0.0359145,-0.00172369,0.999353,0,41.4397,36.4001,-135.936,1
0.654379,-0.755841,0.0222021,0,0.755315,0.654753,0.0282345,0,-0.0358777,-0.00170651,0.999355,0,41.4338,36.3975,-135.918,1
0.654341,-0.755874,0.0221843,0,0.755347,0.654715,0.0282839,0,-0.0359035,-0.00175046,0.999354,0,41.4382,36.3972,-135.906,1
0.654345,-0.755871,0.0221934,0,0.755343,0.654719,0.028308,0,-0.0359277,-0.00175957,0.999353,0,41.4353,36.3917,-135.93,1
0.654385,-0.755835,0.0222291,0,0.755307,0.65476,0.0282914,0,-0.0359384,-0.00172371,0.999353,0,41.4234,36.3867,-135.936,1
0.654374,-0.755845,0.0221866,0,0.75532,0.654748,0.0282326,0,-0.0358661,-0.00171676,0.999355,0,41.4371,36.3964,-135.914,1
0.654377,-0.755841,0.0222637,0,0.755311,0.654753,0.0283412,0,-0.0359986,-0.00172985,0.99935,0,41.414,36.3862,-135.941,1
