-0.106713,0.835953,-0.538326,0,0.0507181,0.545289,0.836712,0,0.992996,0.0619856,-0.100588,0,55.2722,36.1357,-38.6054,1
-0.106713,0.835946,-0.538337,0,0.0506746,0.545298,0.836709,0,0.992998,0.0620077,-0.100552,0,55.265,36.1338,-38.6043,1
-0.106678,0.835934,-0.538364,0,0.050619,0.545317,0.8367,0,0.993004,0.0620059,-0.100487,0,55.2298,36.1383,-38.6336,1
-0.106676,0.835948,-0.538341,0,0.0506252,0.545295,0.836714,0,0.993004,0.0620035,-0.10049,0,55.2206,36.1379,-38.6179,1
-0.106585,0.835933,-0.538382,0,0.0505714,0.545323,0.836699,0,0.993017,0.0619531,-0.100398,0,55.1873,36.1501,-38.6468,1
-0.106665,0.835906,-0.538408,0,0.0505278,0.545355,0.836681,0,0.99301,0.0620401,-0.100407,0,55.1587,36.133,-38.6451,1
-0.106601,0.835925,-0.538392,0,0.0505103,0.545331,0.836698,0,0.993018,0.0619989,-0.100356,0,55.1524,36.1591,-38.6438,1
-0.106601,0.835869,-0.538479,0,0.0503408,0.545407,0.836658,0,0.993027,0.0620813,-0.100219,0,55.076,36.1715,-38.6665,1
-0.106591,0.835882,-0.53846,0,0.0503344,0.545387,0.836672,0,0.993028,0.0620783,-0.100207,0,55.0185,36.1585,-38.6659,1
-0.106516,0.835856,-0.538515,0,0.0502378,0.545429,0.83665,0,0.993041,0.0620631,-0.100089,0,54.9481,36.1873,-38.6682,1
-0.106616,0.835851,-0.538504,0,0.0501939,0.545425,0.836656,0,0.993033,0.062171,-0.100105,0,54.9035,36.1661,-38.6722,1
-0.106609,0.83582,-0.538554,0,0.0500887,0.545467,0.836634,0,0.993039,0.0622175,-0.100017,0,54.8052,36.1572,-38.6818,1
-0.106598,0.835803,-0.538581,0,0.0500256,0.54549,0.836623,0,0.993043,0.0622397,-0.0999599,0,54.7597,36.1751,-38.652,1
-0.106618,0.835827,-0.538541,0,0.0499492,0.545447,0.836656,0,0.993045,0.0623031,-0.0999033,0,54.6747,36.1532,-38.6614,1
-0.106636,0.835788,-0.538598,0,0.0498541,0.545499,0.836627,0,0.993048,0.0623634,-0.0998373,0,54.5897,36.1577,-38.6385,1
-0.10671,0.835789,-0.538581,0,0.049838,0.545489,0.836635,0,0.993041,0.0624355,-0.0998632,0,54.5103,36.1697,-38.604,1
-0.106698,0.835771,-0.538612,0,0.0498112,0.545518,0.836618,0,0.993043,0.0624364,-0.0998362,0,54.4326,36.1627,-38.5799,1
-0.1067,0.835737,-0.538665,0,0.0496576,0.545561,0.836599,0,0.993051,0.062516,-0.0997119,0,54.3297,36.1719,-38.5881,1
-0.106738,0.835751,-0.538635,0,0.0495822,0.54553,0.836624,0,0.99305,0.062593,-0.0996672,0,54.2622,36.1619,-38.5776,1
-0.106753,0.835719,-0.538682,0,0.049486,0.545572,0.836602,0,0.993053,0.0626526,-0.0995978,0,54.1769,36.1649,-38.5841,1
-0.106673,0.835693,-0.538738,0,0.0494215,0.545617,0.836577,0,0.993065,0.0626151,-0.099504,0,54.0986,36.1742,-38.5827,1
-0.106685,0.835684,-0.53875,0,0.0493154,0.545623,0.836579,0,0.993069,0.062682,-0.099422,0,54.0235,36.1898,-38.569,1
-0.106699,0.835658,-0.538787,0,0.0491833,0.545653,0.836567,0,0.993074,0.0627618,-0.0993213,0,53.8677,36.2006,-38.5585,1
-0.106706,0.835603,-0.538871,0,0.0489658,0.545724,0.836533,0,0.993084,0.0628765,-0.0991478,0,53.7412,36.196,-38.5576,1
-0.106693,0.835585,-0.538901,0,0.0488223,0.545743,0.836529,0,0.993093,0.0629418,-0.0990224,0,53.6177,36.1859,-38.5747,1
-0.106691,0.835547,-0.538961,0,0.0486986,0.545796,0.836502,0,0.993099,0.0630004,-0.0989213,0,53.496,36.1934,-38.5687,1
-0.106759,0.835526,-0.53898,0,0.048526,0.54581,0.836503,0,0.9931,0.0631493,-0.0988146,0,53.3686,36.1942,-38.55,1
-0.106702,0.835517,-0.539006,0,0.0484245,0.545824,0.8365,0,0.993111,0.0631553,-0.0987,0,53.2507,36.209,-38.5462,1
-0.106647,0.835485,-0.539065,0,0.0482728,0.545868,0.836479,0,0.993125,0.0631858,-0.0985463,0,53.117,36.2277,-38.5417,1
-0.106673,0.835456,-0.539105,0,0.0481162,0.545901,0.836467,0,0.993129,0.0632888,-0.0984319,0,52.9775,36.2291,-38.5379,1
-0.106651,0.835384,-0.539221,0,0.047831,0.545997,0.836421,0,0.993145,0.063414,-0.0981886,0,52.7297,36.2369,-38.5513,1
-0.106624,0.835339,-0.539296,0,0.0476322,0.546056,0.836394,0,0.993158,0.0634919,-0.0980119,0,52.587,36.2515,-38.5403,1
-0.10662,0.835314,-0.539336,0,0.0474356,0.546084,0.836387,0,0.993168,0.0635919,-0.0978469,0,52.4137,36.2533,-38.531,1
-0.106621,0.835277,-0.539393,0,0.047241,0.546128,0.836369,0,0.993177,0.0636933,-0.0976881,0,52.2534,36.261,-38.532,1
-0.106589,0.835228,-0.539476,0,0.0470714,0.546197,0.836333,0,0.993188,0.0637499,-0.0975338,0,52.0935,36.2735,-38.5178,1
-0.106618,0.835198,-0.539515,0,0.0468805,0.546227,0.836324,0,0.993194,0.0638747,-0.0973924,0,51.9411,36.2665,-38.5161,1
-0.106571,0.835168,-0.539571,0,0.0467411,0.54627,0.836304,0,0.993206,0.063906,-0.0972533,0,51.7971,36.2816,-38.5015,1
-0.106607,0.835144,-0.539601,0,0.0465424,0.546291,0.836302,0,0.993211,0.0640413,-0.097108,0,51.554,36.2952,-38.4576,1
-0.106624,0.835093,-0.539676,0,0.0462842,0.546351,0.836277,0,0.993222,0.064189,-0.0969059,0,51.3781,36.2796,-38.4658,1
-0.106634,0.83505,-0.539742,0,0.0461169,0.546407,0.83625,0,0.993228,0.0642818,-0.0967757,0,51.2629,36.2885,-38.4685,1
-0.106709,0.835052,-0.539724,0,0.0460631,0.546393,0.836262,0,0.993223,0.0643748,-0.0967698,0,51.1321,36.2758,-38.4215,1
-0.1067,0.835002,-0.539803,0,0.045809,0.546454,0.836235,0,0.993235,0.0644983,-0.0965571,0,50.9361,36.277,-38.4196,1
-0.106621,0.834973,-0.539864,0,0.0456471,0.546497,0.836216,0,0.993251,0.0645154,-0.0963824,0,50.7689,36.2963,-38.4134,1
-0.106576,0.834914,-0.539963,0,0.0453185,0.54657,0.836186,0,0.993271,0.0646472,-0.0960883,0,50.559,36.2948,-38.4339,1
-0.106627,0.83483,-0.540083,0,0.0450081,0.546676,0.836134,0,0.99328,0.0648466,-0.0958646,0,50.2582,36.315,-38.4167,1
-0.106517,0.834765,-0.540204,0,0.0446278,0.546762,0.836098,0,0.993309,0.0649508,-0.0954932,0,50.0139,36.3196,-38.4012,1
-0.106466,0.834716,-0.540291,0,0.0443747,0.546827,0.836069,0,0.993326,0.0650381,-0.0952589,0,49.8051,36.3406,-38.4023,1
-0.106438,0.834656,-0.540389,0,0.0441671,0.546908,0.836027,0,0.993338,0.0651181,-0.0950765,0,49.5777,36.3496,-38.3819,1
-0.106413,0.834584,-0.540505,0,0.0437795,0.546997,0.835989,0,0.993358,0.0652969,-0.0947452,0,49.3271,36.3599,-38.4106,1
-0.106472,0.834554,-0.54054,0,0.0436088,0.547027,0.835979,0,0.993359,0.0654359,-0.0946367,0,49.1102,36.3403,-38.3938,1
-0.106193,0.834555,-0.540594,0,0.043563,0.547051,0.835965,0,0.993391,0.065224,-0.0944487,0,48.9053,36.3342,-38.3895,1
-0.106281,0.834485,-0.540685,0,0.0433503,0.547136,0.83592,0,0.993391,0.0654037,-0.0943254,0,48.7082,36.3068,-38.3738,1
-0.106252,0.834403,-0.540817,0,0.0429339,0.547238,0.835875,0,0.993412,0.0655944,-0.0939695,0,48.3886,36.3471,-38.3805,1
-0.10622,0.834377,-0.540863,0,0.0426401,0.547262,0.835874,0,0.993428,0.0657238,-0.0937079,0,48.1872,36.3637,-38.3904,1
-0.106241,0.83434,-0.540916,0,0.0423368,0.547297,0.835867,0,0.993439,0.065903,-0.0934688,0,47.982,36.3827,-38.3677,1
-0.10633,0.83428,-0.540992,0,0.0419349,0.547355,0.83585,0,0.993446,0.0661895,-0.0931856,0,47.758,36.4078,-38.3925,1
-0.106377,0.834276,-0.540987,0,0.0418603,0.54735,0.835857,0,0.993445,0.0662702,-0.0931485,0,47.5757,36.4091,-38.3715,1
-0.10635,0.834218,-0.541083,0,0.0415957,0.547425,0.83582,0,0.993458,0.0663826,-0.0929184,0,47.3686,36.4199,-38.367,1
-0.106294,0.834177,-0.541157,0,0.0413605,0.547479,0.835797,0,0.993474,0.0664581,-0.0926959,0,47.2006,36.4596,-38.3664,1
-0.106312,0.834121,-0.54124,0,0.0411002,0.547545,0.835766,0,0.993483,0.0666072,-0.0924934,0,46.9176,36.4492,-38.369,1
-0.106287,0.834082,-0.541305,0,0.0408693,0.547594,0.835746,0,0.993495,0.0667066,-0.0922906,0,46.7161,36.4535,-38.3516,1
-0.106332,0.834039,-0.541362,0,0.0406732,0.547641,0.835724,0,0.993499,0.0668457,-0.092155,0,46.5536,36.4528,-38.3229,1
-0.106433,0.834004,-0.541396,0,0.0404785,0.547672,0.835714,0,0.993496,0.0670327,-0.0920495,0,46.3806,36.4319,-38.3033,1
-0.106372,0.833977,-0.54145,0,0.0402835,0.547707,0.8357,0,0.99351,0.0670839,-0.0918564,0,46.2326,36.4335,-38.3225,1
-0.106325,0.833946,-0.541506,0,0.0402024,0.547754,0.835673,0,0.993518,0.0670835,-0.0917667,0,46.1274,36.4621,-38.3166,1
-0.106314,0.833934,-0.541527,0,0.0400249,0.547761,0.835677,0,0.993527,0.06717,-0.091613,0,45.9686,36.4407,-38.304,1
-0.106364,0.833889,-0.541586,0,0.0397548,0.547807,0.83566,0,0.993532,0.0673531,-0.0914177,0,45.7611,36.4565,-38.2748,1
-0.106338,0.833862,-0.541633,0,0.0396271,0.547843,0.835642,0,0.99354,0.0673974,-0.0913001,0,45.615,36.466,-38.2747,1
-0.106338,0.833827,-0.541688,0,0.0394521,0.547886,0.835623,0,0.993547,0.0674882,-0.0911576,0,45.4558,36.4642,-38.2627,1
-0.106345,0.833809,-0.541713,0,0.0393149,0.547903,0.835618,0,0.993552,0.0675667,-0.0910479,0,45.3292,36.4763,-38.25,1
-0.106325,0.833787,-0.541751,0,0.0391189,0.547925,0.835612,0,0.993562,0.0676537,-0.0908749,0,45.1727,36.4555,-38.2453,1
-0.10632,0.833751,-0.541807,0,0.038956,0.54797,0.83559,0,0.993569,0.0677335,-0.09074,0,45.0447,36.4713,-38.2487,1
-0.106387,0.833724,-0.541836,0,0.0388759,0.548,0.835575,0,0.993565,0.0678302,-0.090712,0,44.9432,36.4683,-38.2213,1
-0.106332,0.8337,-0.541884,0,0.0387105,0.548032,0.835561,0,0.993577,0.0678707,-0.0905464,0,44.8101,36.4574,-38.2354,1
-0.10635,0.833639,-0.541975,0,0.0384861,0.548109,0.835521,0,0.993584,0.0679992,-0.0903747,0,44.6358,36.4684,-38.2202,1
-0.106361,0.833615,-0.542008,0,0.0383716,0.548136,0.835509,0,0.993587,0.0680681,-0.0902877,0,44.5311,36.4609,-38.2297,1
-0.106382,0.833607,-0.542018,0,0.0382192,0.548136,0.835516,0,0.993591,0.0681681,-0.0901714,0,44.411,36.4502,-38.2221,1
-0.106366,0.833566,-0.542083,0,0.0380392,0.548188,0.83549,0,0.993599,0.0682474,-0.0900167,0,44.297,36.4549,-38.227,1
-0.106416,0.833513,-0.542154,0,0.0375903,0.548233,0.835481,0,0.993611,0.068529,-0.0896728,0,44.164,36.4681,-38.2127,1
-0.106452,0.833472,-0.542211,0,0.0374615,0.548284,0.835453,0,0.993612,0.0686238,-0.0895891,0,44.073,36.4767,-38.2101,1
-0.106542,0.833475,-0.542189,0,0.0372732,0.548257,0.835479,0,0.993609,0.0688049,-0.0894789,0,43.9745,36.4791,-38.2027,1
-0.106608,0.833418,-0.542264,0,0.0369402,0.548316,0.835456,0,0.993615,0.0690348,-0.0892413,0,43.8227,36.4906,-38.2213,1
-0.106868,0.833406,-0.54223,0,0.0367427,0.548291,0.83548,0,0.993594,0.0693634,-0.0892165,0,43.7596,36.4613,-38.1997,1
-0.106896,0.833384,-0.542259,0,0.0366313,0.548314,0.83547,0,0.993595,0.0694446,-0.0891404,0,43.6821,36.4813,-38.1887,1
-0.107022,0.833357,-0.542276,0,0.0363389,0.548323,0.835477,0,0.993592,0.069709,-0.0889659,0,43.606,36.4966,-38.1992,1
-0.107124,0.833343,-0.542277,0,0.0361968,0.548323,0.835483,0,0.993587,0.0698719,-0.088903,0,43.5376,36.5137,-38.1926,1
-0.107336,0.833349,-0.542226,0,0.0358832,0.548269,0.835532,0,0.993575,0.0702259,-0.0887522,0,43.4338,36.4707,-38.1931,1
-0.107501,0.833343,-0.542203,0,0.0356752,0.548245,0.835557,0,0.993565,0.0704798,-0.0886664,0,43.3715,36.4789,-38.1615,1
-0.107574,0.833348,-0.54218,0,0.0356026,0.548223,0.835574,0,0.993559,0.0705834,-0.0886441,0,43.3156,36.4766,-38.159,1
-0.10778,0.833287,-0.542233,0,0.0353026,0.548274,0.835554,0,0.993548,0.0709136,-0.08851,0,43.2081,36.4885,-38.1609,1
-0.10798,0.833255,-0.542243,0,0.0349918,0.54828,0.835563,0,0.993537,0.0712504,-0.0883605,0,43.1299,36.465,-38.1715,1
-0.108201,0.83325,-0.542206,0,0.0347829,0.548248,0.835592,0,0.99352,0.0715526,-0.0883038,0,43.0759,36.4555,-38.1542,1
-0.108382,0.833215,-0.542224,0,0.0344832,0.548259,0.835597,0,0.993511,0.0718662,-0.0881534,0,43.0042,36.4558,-38.1509,1
-0.108652,0.833204,-0.542186,0,0.0342986,0.548233,0.835622,0,0.993488,0.0721961,-0.0881446,0,42.9657,36.4468,-38.1451,1
-0.108841,0.833213,-0.542135,0,0.0339752,0.548174,0.835674,0,0.993478,0.0725366,-0.0879723,0,42.9134,36.4615,-38.1391,1
-0.109079,0.833216,-0.542082,0,0.0337551,0.548126,0.835714,0,0.99346,0.0728613,-0.0879146,0,42.871,36.4558,-38.1207,1
-0.109552,0.833183,-0.542038,0,0.0332886,0.54809,0.835757,0,0.993424,0.0735152,-0.0877799,0,42.7994,36.4417,-38.1155,1
-0.10979,0.833144,-0.54205,0,0.0329864,0.5481,0.835762,0,0.993407,0.073878,-0.0876582,0,42.7397,36.438,-38.104,1
-0.110092,0.833128,-0.542013,0,0.0327267,0.54807,0.835792,0,0.993383,0.0742757,-0.0876036,0,42.6875,36.4187,-38.0962,1
-0.110345,0.833108,-0.541992,0,0.0324163,0.548048,0.835819,0,0.993365,0.0746588,-0.0874804,0,42.6415,36.4364,-38.0832,1
-0.110666,0.833117,-0.541912,0,0.0320787,0.547971,0.835882,0,0.99334,0.0751198,-0.0873669,0,42.6079,36.4105,-38.0768,1
-0.111029,0.833146,-0.541794,0,0.0317507,0.54786,0.835967,0,0.99331,0.0756142,-0.0872813,0,42.5619,36.3888,-38.0546,1
-0.111312,0.833104,-0.541801,0,0.0314899,0.547872,0.835969,0,0.993287,0.0759924,-0.0872192,0,42.544,36.3833,-38.0427,1
-0.111491,0.833061,-0.54183,0,0.0312034,0.547895,0.835965,0,0.993276,0.0762958,-0.0870797,0,42.4951,36.405,-38.0502,1
-0.111918,0.833038,-0.541777,0,0.0307591,0.547845,0.836014,0,0.993241,0.0769009,-0.0869375,0,42.4529,36.4089,-38.0441,1
-0.112284,0.833028,-0.541717,0,0.0305491,0.547801,0.836051,0,0.993207,0.0773258,-0.0869572,0,42.426,36.3924,-38.0094,1
-0.112508,0.833053,-0.541632,0,0.030052,0.547696,0.836137,0,0.993196,0.0777955,-0.0866554,0,42.3603,36.3609,-38.0088,1
-0.112789,0.832994,-0.541663,0,0.0297392,0.547728,0.836128,0,0.993174,0.0781972,-0.08655,0,42.3206,36.3593,-38.013,1
-0.113189,0.832968,-0.541621,0,0.0293739,0.547691,0.836165,0,0.993139,0.0787352,-0.08646,0,42.2972,36.3668,-38.0087,1
-0.113704,0.832929,-0.541574,0,0.0289235,0.547653,0.836206,0,0.993094,0.0794154,-0.0863614,0,42.2685,36.3717,-37.9887,1
-0.114058,0.83298,-0.541421,0,0.0285594,0.547501,0.836318,0,0.993063,0.0799264,-0.0862364,0,42.2353,36.3551,-37.9558,1
-0.11456,0.832937,-0.541381,0,0.0279142,0.547452,0.836371,0,0.993024,0.0807023,-0.0859667,0,42.1504,36.3331,-37.9672,1
-0.114922,0.832929,-0.541315,0,0.0275475,0.547388,0.836425,0,0.992993,0.0812121,-0.0858523,0,42.1414,36.3421,-37.9286,1
-0.115337,0.832938,-0.541213,0,0.0271253,0.547287,0.836506,0,0.992956,0.0817993,-0.0857159,0,42.0834,36.2934,-37.907,1
-0.115683,0.832882,-0.541227,0,0.0266521,0.547291,0.836518,0,0.992929,0.0823463,-0.0855105,0,42.0407,36.2963,-37.9165,1
-0.11614,0.832836,-0.541198,0,0.0262177,0.547266,0.836548,0,0.992887,0.0829674,-0.0853943,0,42.0007,36.2918,-37.8947,1
-0.116585,0.832812,-0.54114,0,0.0257407,0.547207,0.836602,0,0.992847,0.0836061,-0.0852334,0,41.9524,36.286,-37.9042,1
-0.117096,0.832804,-0.541042,0,0.0253635,0.54712,0.83667,0,0.992797,0.0842484,-0.0851886,0,41.9321,36.2998,-37.8552,1
-0.117706,0.832789,-0.540933,0,0.0245714,0.546995,0.836775,0,0.992745,0.0852018,-0.0848472,0,41.8411,36.2535,-37.8809,1
-0.118138,0.832776,-0.540859,0,0.0242404,0.546929,0.836828,0,0.992701,0.0857508,-0.0848001,0,41.8087,36.2352,-37.8618,1
-0.118664,0.832737,-0.540804,0,0.0238672,0.546887,0.836866,0,0.992648,0.0863987,-0.0847711,0,41.7979,36.226,-37.8273,1
-0.119128,0.832725,-0.54072,0,0.0232868,0.546792,0.836945,0,0.992606,0.0871119,-0.0845297,0,41.7277,36.228,-37.8144,1
-0.119569,0.832734,-0.540609,0,0.0228237,0.546677,0.837032,0,0.992564,0.0877443,-0.0843716,0,41.702,36.2419,-37.8057,1
-0.119942,0.83271,-0.540562,0,0.0224842,0.546632,0.837071,0,0.992526,0.0882457,-0.0842868,0,41.6863,36.2353,-37.7992,1
-0.120326,0.832689,-0.54051,0,0.022121,0.54658,0.837115,0,0.992488,0.0887697,-0.0841874,0,41.654,36.2209,-37.7813,1
-0.120601,0.832602,-0.540583,0,0.0216708,0.546636,0.83709,0,0.992465,0.0892387,-0.0839677,0,41.6092,36.2358,-37.7948,1
-0.121289,0.832628,-0.54039,0,0.0209529,0.546435,0.837239,0,0.992396,0.0902248,-0.0837222,0,41.5238,36.1846,-37.7561,1
-0.121808,0.832565,-0.54037,0,0.0204807,0.546416,0.837264,0,0.992342,0.090918,-0.0836092,0,41.4991,36.1858,-37.7519,1
-0.122315,0.832574,-0.540241,0,0.0199935,0.546284,0.837361,0,0.99229,0.0916206,-0.0834649,0,41.4589,36.1761,-37.7271,1
-0.122729,0.832552,-0.540181,0,0.0194973,0.546214,0.837419,0,0.992249,0.0922436,-0.0832688,0,41.4141,36.1514,-37.7299,1
-0.123451,0.832504,-0.540091,0,0.0189625,0.546133,0.837484,0,0.99217,0.0931466,-0.083207,0,41.3892,36.1501,-37.6714,1
-0.123962,0.832453,-0.540051,0,0.0183896,0.546083,0.83753,0,0.992117,0.0938908,-0.0830021,0,41.3193,36.1356,-37.6712,1
-0.124296,0.83242,-0.540026,0,0.0178372,0.546033,0.837574,0,0.992085,0.0944748,-0.082718,0,41.2831,36.1246,-37.6685,1
-0.125087,0.832409,-0.53986,0,0.0170669,0.545858,0.837704,0,0.991999,0.0955717,-0.0824862,0,41.2185,36.0987,-37.625,1
-0.125758,0.832355,-0.539788,0,0.0164597,0.545784,0.837765,0,0.991925,0.0964705,-0.0823367,0,41.1857,36.1114,-37.6025,1
-0.126415,0.832315,-0.539695,0,0.0157458,0.545675,0.837849,0,0.991852,0.0974191,-0.0820871,0,41.1061,36.0879,-37.595,1
-0.126986,0.832291,-0.539599,0,0.0152505,0.545577,0.837922,0,0.991787,0.0981751,-0.0819733,0,41.0603,36.0578,-37.5903,1
-0.12763,0.832271,-0.539478,0,0.0147055,0.545454,0.838012,0,0.991713,0.099022,-0.0818552,0,41.0305,36.0304,-37.5418,1
-0.128151,0.832258,-0.539375,0,0.0141878,0.545342,0.838094,0,0.991653,0.0997503,-0.0816941,0,40.9831,36.0213,-37.5357,1
-0.128889,0.832174,-0.539327,0,0.0135043,0.545286,0.838141,0,0.991567,0.100744,-0.0815196,0,40.9209,35.9872,-37.5159,1
-0.129938,0.832125,-0.539152,0,0.0126048,0.545104,0.838274,0,0.991442,0.102128,-0.0813188,0,40.8611,36.0018,-37.4688,1
-0.13048,0.83211,-0.539045,0,0.0119992,0.544978,0.838365,0,0.991378,0.102921,-0.0810932,0,40.8172,35.9825,-37.4647,1
-0.131129,0.83201,-0.539041,0,0.011206,0.544945,0.838397,0,0.991302,0.103898,-0.0807817,0,40.728,35.9601,-37.4392,1
-0.131614,0.832015,-0.538914,0,0.0107092,0.544805,0.838494,0,0.991243,0.104586,-0.0806141,0,40.6781,35.9436,-37.4224,1
-0.132204,0.831939,-0.538888,0,0.0101964,0.544773,0.838522,0,0.99117,0.105361,-0.0805037,0,40.638,35.9303,-37.415,1
-0.132896,0.831906,-0.538768,0,0.00953703,0.544638,0.838617,0,0.991084,0.10631,-0.080314,0,40.5885,35.9105,-37.3828,1
-0.133601,0.831884,-0.538629,0,0.00894211,0.544491,0.838719,0,0.990995,0.107237,-0.0801831,0,40.5264,35.8576,-37.3507,1
-0.134312,0.831809,-0.538567,0,0.00824901,0.544411,0.838778,0,0.990905,0.108216,-0.0799826,0,40.451,35.8426,-37.3333,1
-0.135168,0.831745,-0.538452,0,0.00715838,0.544245,0.838896,0,0.990797,0.109537,-0.0795183,0,40.3716,35.8434,-37.3067,1
-0.135896,0.831687,-0.538357,0,0.00642198,0.544127,0.838979,0,0.990703,0.110557,-0.0792856,0,40.3256,35.8391,-37.2802,1
-0.136483,0.831658,-0.538254,0,0.00579786,0.544,0.839065,0,0.990626,0.111398,-0.0790687,0,40.2529,35.8208,-37.2716,1
-0.137163,0.83158,-0.538201,0,0.00521628,0.543936,0.839111,0,0.990535,0.112287,-0.0789454,0,40.2013,35.7859,-37.2599,1
-0.137749,0.831551,-0.538097,0,0.00465009,0.543813,0.839194,0,0.990456,0.113095,-0.0787763,0,40.1574,35.7917,-37.2217,1
-0.13844,0.831526,-0.537958,0,0.00397936,0.543651,0.839302,0,0.990363,0.114052,-0.0785718,0,40.1033,35.7776,-37.1995,1
-0.139096,0.831465,-0.537883,0,0.00341585,0.543562,0.839362,0,0.990273,0.114915,-0.0784476,0,40.0533,35.7566,-37.1877,1
-0.139843,0.831449,-0.537715,0,0.00275012,0.543375,0.839486,0,0.99017,0.115917,-0.0782738,0,40.0202,35.7328,-37.1619,1
-0.1404,0.831362,-0.537704,0,0.00197776,0.543317,0.839525,0,0.990093,0.116806,-0.0779261,0,39.9385,35.7146,-37.1441,1
-0.140811,0.831351,-0.537614,0,0.00145235,0.543197,0.839604,0,0.990035,0.117445,-0.0776956,0,39.8922,35.7199,-37.131,1
-0.141478,0.831284,-0.537542,0,0.000922389,0.543114,0.839659,0,0.989941,0.118298,-0.0776057,0,39.8355,35.6877,-37.0879,1
-0.142119,0.831228,-0.537459,0,0.000282846,0.543004,0.83973,0,0.98985,0.11919,-0.0774065,0,39.793,35.6977,-37.108,1
-0.14266,0.831211,-0.537342,0,-0.000219658,0.542869,0.839818,0,0.989772,0.119926,-0.0772628,0,39.7305,35.6377,-37.0728,1
-0.143133,0.831151,-0.537309,0,-0.000722833,0.542811,0.839855,0,0.989703,0.120599,-0.0770934,0,39.6968,35.6611,-37.053,1
-0.143999,0.831091,-0.53717,0,-0.00159462,0.542632,0.839969,0,0.989577,0.121811,-0.0768132,0,39.6097,35.635,-37.0428,1
-0.14443,0.831044,-0.537128,0,-0.00205057,0.542566,0.840011,0,0.989513,0.122424,-0.0766588,0,39.5687,35.6251,-36.9974,1
-0.144813,0.830976,-0.53713,0,-0.00254636,0.542537,0.840028,0,0.989456,0.123015,-0.0764507,0,39.5296,35.6222,-37.0057,1
-0.145336,0.830988,-0.536969,0,-0.00295959,0.542364,0.840138,0,0.989378,0.123692,-0.0763656,0,39.4983,35.6116,-36.9765,1
-0.145759,0.830938,-0.536933,0,-0.00344865,0.542299,0.840179,0,0.989314,0.124315,-0.0761792,0,39.4424,35.5858,-36.9803,1
-0.146292,0.830896,-0.536852,0,-0.00389652,0.542203,0.840239,0,0.989234,0.125012,-0.0760823,0,39.4027,35.5832,-36.9653,1
-0.146821,0.830862,-0.53676,0,-0.00448021,0.542077,0.840317,0,0.989153,0.125781,-0.0758658,0,39.3515,35.5578,-36.9652,1
-0.147361,0.830809,-0.536695,0,-0.00490404,0.541999,0.840365,0,0.989071,0.126469,-0.0757952,0,39.3195,35.5486,-36.9206,1
-0.148121,0.830755,-0.536568,0,-0.00575945,0.541819,0.840475,0,0.988953,0.127583,-0.0754704,0,39.2546,35.5446,-36.9065,1
-0.148532,0.830682,-0.536568,0,-0.00625593,0.541787,0.840493,0,0.988888,0.128197,-0.0752759,0,39.1949,35.5299,-36.8718,1
-0.148985,0.830623,-0.536534,0,-0.00672506,0.541726,0.840529,0,0.988817,0.128835,-0.0751231,0,39.1542,35.517,-36.8838,1
-0.149453,0.830564,-0.536495,0,-0.00725199,0.541653,0.840571,0,0.988742,0.129516,-0.0749282,0,39.0899,35.486,-36.8703,1
-0.149851,0.830588,-0.536347,0,-0.00757542,0.541492,0.840672,0,0.98868,0.130039,-0.0748511,0,39.0749,35.4541,-36.8346,1
-0.15036,0.830538,-0.536283,0,-0.00804009,0.541405,0.840724,0,0.988599,0.130723,-0.0747283,0,39.0179,35.442,-36.8256,1
-0.150919,0.830474,-0.536225,0,-0.00853898,0.541323,0.840772,0,0.988509,0.131467,-0.0746047,0,38.9873,35.4511,-36.8198,1
-0.151453,0.830447,-0.536116,0,-0.0091294,0.541174,0.840861,0,0.988422,0.132245,-0.0743809,0,38.9389,35.4505,-36.8073,1
-0.151874,0.830419,-0.53604,0,-0.00937343,0.541097,0.840908,0,0.988355,0.132737,-0.0743948,0,38.9151,35.4177,-36.7794,1
-0.152235,0.830375,-0.536006,0,-0.00972814,0.541042,0.84094,0,0.988297,0.133235,-0.0742876,0,38.8919,35.4058,-36.7724,1
-0.152664,0.830381,-0.535875,0,-0.0102516,0.540871,0.841043,0,0.988225,0.133891,-0.0740588,0,38.8173,35.3603,-36.7573,1
-0.152981,0.830348,-0.535835,0,-0.0105652,0.540812,0.841077,0,0.988173,0.13433,-0.0739608,0,38.8046,35.3792,-36.7449,1
-0.153385,0.830281,-0.535823,0,-0.0109485,0.540779,0.841094,0,0.988106,0.134878,-0.0738572,0,38.7709,35.3796,-36.7406,1
-0.15369,0.830245,-0.535792,0,-0.0112221,0.540733,0.84112,0,0.988055,0.135285,-0.0737883,0,38.7491,35.386,-36.7163,1
-0.153982,0.830209,-0.535764,0,-0.0115723,0.540678,0.84115,0,0.988006,0.135722,-0.0736469,0,38.7196,35.3949,-36.7257,1
-0.154409,0.830127,-0.535769,0,-0.0121841,0.540631,0.841172,0,0.987932,0.136412,-0.0733639,0,38.6406,35.3771,-36.7264,1
-0.154704,0.830125,-0.535687,0,-0.0125284,0.540522,0.841237,0,0.987881,0.136854,-0.0732209,0,38.6276,35.3677,-36.6954,1
-0.155128,0.830107,-0.535591,0,-0.012819,0.540417,0.8413,0,0.987811,0.137375,-0.0731926,0,38.6,35.3279,-36.6627,1
-0.155501,0.830082,-0.535522,0,-0.0130678,0.54034,0.841345,0,0.98775,0.137828,-0.0731758,0,38.5819,35.3295,-36.6282,1
-0.155708,0.830017,-0.535563,0,-0.0134367,0.540346,0.841336,0,0.987712,0.138199,-0.0729833,0,38.5317,35.329,-36.6605,1
-0.155993,0.829989,-0.535523,0,-0.0136732,0.540294,0.841365,0,0.987664,0.13857,-0.0729336,0,38.5119,35.3167,-36.657,1
-0.156323,0.829964,-0.535465,0,-0.0139425,0.540222,0.841407,0,0.987608,0.138997,-0.0728776,0,38.5035,35.3052,-36.6429,1
-0.156867,0.829928,-0.535361,0,-0.0144624,0.540084,0.841487,0,0.987514,0.139744,-0.0727185,0,38.4559,35.2906,-36.6336,1
-0.157088,0.829927,-0.535299,0,-0.0147158,0.540001,0.841536,0,0.987475,0.140073,-0.0726148,0,38.4398,35.2937,-36.6115,1
-0.157352,0.829873,-0.535305,0,-0.0149772,0.53999,0.841538,0,0.987429,0.140435,-0.0725396,0,38.4001,35.2907,-36.6082,1
-0.157617,0.829871,-0.535231,0,-0.0150545,0.539923,0.84158,0,0.987386,0.140705,-0.0726077,0,38.4137,35.2718,-36.5917,1
-0.157871,0.829803,-0.53526,0,-0.0153758,0.539926,0.841572,0,0.98734,0.14109,-0.0724797,0,38.3615,35.2549,-36.5847,1
-0.158065,0.829773,-0.535251,0,-0.0156251,0.539896,0.841587,0,0.987305,0.141389,-0.0723732,0,38.3393,35.2561,-36.5889,1
-0.158253,0.829823,-0.535117,0,-0.0159538,0.539727,0.841689,0,0.98727,0.141737,-0.0721747,0,38.2982,35.2405,-36.5829,1
-0.158531,0.829774,-0.535111,0,-0.0162119,0.539704,0.841699,0,0.987221,0.142111,-0.0721075,0,38.2686,35.221,-36.5739,1
-0.158879,0.829728,-0.535079,0,-0.0165451,0.53965,0.841727,0,0.987159,0.142586,-0.072011,0,38.2591,35.2307,-36.572,1
-0.159066,0.829699,-0.535069,0,-0.0167636,0.539621,0.841741,0,0.987126,0.142862,-0.0719266,0,38.2267,35.2193,-36.5582,1
-0.159229,0.82966,-0.535081,0,-0.0169068,0.539625,0.841736,0,0.987097,0.143075,-0.0718968,0,38.2293,35.2307,-36.5652,1
-0.159347,0.829653,-0.535056,0,-0.0170164,0.539593,0.841754,0,0.987076,0.143236,-0.0718646,0,38.1984,35.2123,-36.5355,1
-0.159507,0.829643,-0.535024,0,-0.0171462,0.539553,0.841777,0,0.987048,0.143443,-0.0718373,0,38.2015,35.2171,-36.5366,1
-0.159729,0.829598,-0.535028,0,-0.0174225,0.539533,0.841785,0,0.987007,0.143779,-0.0717253,0,38.1723,35.2054,-36.532,1
-0.159877,0.829584,-0.535005,0,-0.0175719,0.539499,0.841803,0,0.986981,0.143986,-0.071676,0,38.1567,35.2154,-36.5332,1
-0.16017,0.829587,-0.534912,0,-0.0178955,0.539379,0.841873,0,0.986927,0.144415,-0.0715463,0,38.125,35.1953,-36.515,1
-0.160277,0.829592,-0.534873,0,-0.0179945,0.539332,0.841901,0,0.986908,0.144562,-0.0715146,0,38.101,35.1923,-36.4931,1
-0.1604,0.829557,-0.53489,0,-0.0181527,0.539336,0.841895,0,0.986885,0.14475,-0.0714507,0,38.0966,35.2083,-36.5214,1
-0.160575,0.829527,-0.534885,0,-0.0183115,0.53932,0.841902,0,0.986854,0.144983,-0.0714112,0,38.0867,35.209,-36.5144,1
-0.160753,0.829522,-0.534837,0,-0.0183545,0.539279,0.841927,0,0.986824,0.145159,-0.0714652,0,38.1003,35.2023,-36.485,1
-0.160798,0.829509,-0.534844,0,-0.0184527,0.539275,0.841928,0,0.986815,0.14525,-0.0714077,0,38.0668,35.1864,-36.4809,1
-0.160973,0.829496,-0.534812,0,-0.0186224,0.53923,0.841953,0,0.986783,0.145491,-0.0713541,0,38.0513,35.1785,-36.4924,1
-0.161129,0.829456,-0.534828,0,-0.0188127,0.539229,0.841949,0,0.986754,0.145724,-0.0712812,0,38.0509,35.1912,-36.4841,1
-0.161255,0.829457,-0.534788,0,-0.0188287,0.539195,0.84197,0,0.986733,0.145842,-0.0713305,0,38.0427,35.1637,-36.4647,1
-0.161337,0.829449,-0.534776,0,-0.0188927,0.53918,0.841979,0,0.986719,0.145946,-0.0713193,0,38.0479,35.1658,-36.4624,1
-0.161414,0.829427,-0.534787,0,-0.0190503,0.539174,0.841979,0,0.986703,0.146095,-0.0712292,0,38.0338,35.1846,-36.4798,1
-0.161513,0.829414,-0.534776,0,-0.0190915,0.539164,0.841985,0,0.986686,0.146201,-0.0712472,0,38.0312,35.1839,-36.4736,1
-0.16147,0.829456,-0.534725,0,-0.0192065,0.539091,0.842028,0,0.986691,0.146233,-0.0711163,0,38.0154,35.1785,-36.488,1
-0.161579,0.829461,-0.534685,0,-0.0192454,0.539053,0.842052,0,0.986672,0.146348,-0.071136,0,38.0187,35.1529,-36.4701,1
-0.161722,0.829443,-0.53467,0,-0.0193262,0.539036,0.842061,0,0.986647,0.146513,-0.0711437,0,38.0005,35.1556,-36.4602,1
-0.161688,0.829457,-0.534657,0,-0.0193258,0.53902,0.842071,0,0.986653,0.146486,-0.0711233,0,37.9972,35.1642,-36.4653,1
-0.161667,0.829426,-0.534712,0,-0.019412,0.539062,0.842043,0,0.986654,0.146511,-0.0710479,0,37.9795,35.155,-36.4806,1
-0.161722,0.82942,-0.534705,0,-0.0193769,0.539064,0.842042,0,0.986646,0.146538,-0.0711068,0,38.0008,35.1544,-36.4645,1
-0.161779,0.829424,-0.53468,0,-0.0193521,0.539047,0.842054,0,0.986637,0.146574,-0.0711554,0,37.9987,35.1518,-36.4463,1
-0.161767,0.829414,-0.534701,0,-0.0194532,0.539052,0.842048,0,0.986637,0.146617,-0.0710659,0,37.9683,35.1568,-36.469,1
-0.161757,0.829427,-0.534684,0,-0.0194205,0.539039,0.842057,0,0.986639,0.146593,-0.0710856,0,37.9901,35.1533,-36.4744,1
-0.161695,0.829433,-0.534693,0,-0.0194072,0.539045,0.842053,0,0.98665,0.146533,-0.0710642,0,37.9983,35.1783,-36.4768,1
-0.161705,0.829424,-0.534703,0,-0.0194372,0.539052,0.842049,0,0.986648,0.146557,-0.0710455,0,37.9827,35.1652,-36.4738,1
-0.161722,0.829415,-0.534712,0,-0.019476,0.539056,0.842045,0,0.986644,0.146591,-0.0710237,0,37.9674,35.1532,-36.4762,1
-0.161744,0.829424,-0.534692,0,-0.0194413,0.539043,0.842054,0,0.986641,0.146592,-0.0710616,0,37.9859,35.1611,-36.4708,1
-0.161715,0.829436,-0.534681,0,-0.0194355,0.539031,0.842062,0,0.986646,0.146566,-0.0710489,0,37.9902,35.1479,-36.4818,1
-0.161746,0.829439,-0.534667,0,-0.0193518,0.539031,0.842064,0,0.986643,0.146547,-0.071135,0,38.0044,35.1579,-36.4621,1
-0.161625,0.829445,-0.534695,0,-0.0193253,0.539055,0.842049,0,0.986663,0.146429,-0.0710954,0,37.9825,35.1446,-36.4665,1
-0.161559,0.829453,-0.534702,0,-0.0192578,0.539067,0.842043,0,0.986675,0.146337,-0.0711175,0,37.9787,35.1366,-36.4607,1
-0.161446,0.829448,-0.534745,0,-0.019148,0.539119,0.842012,0,0.986696,0.146179,-0.0711564,0,37.9907,35.1289,-36.4948,1
-0.161329,0.829474,-0.53474,0,-0.0190654,0.539117,0.842015,0,0.986717,0.146036,-0.0711609,0,37.9991,35.1295,-36.502,1
-0.161209,0.829494,-0.534745,0,-0.0189111,0.539136,0.842006,0,0.986739,0.145852,-0.0712273,0,38.0163,35.1065,-36.4787,1
-0.16106,0.829522,-0.534746,0,-0.0188151,0.539141,0.842006,0,0.986765,0.145675,-0.0712264,0,38.0152,35.113,-36.4894,1
-0.160987,0.829525,-0.534763,0,-0.0187026,0.539169,0.84199,0,0.98678,0.145551,-0.0712848,0,38.0438,35.1432,-36.4781,1
-0.160923,0.829564,-0.534722,0,-0.0184802,0.539155,0.842004,0,0.986794,0.145379,-0.0714319,0,38.0837,35.1478,-36.453,1
-0.160703,0.829567,-0.534783,0,-0.0184187,0.539211,0.84197,0,0.986831,0.145157,-0.0713731,0,38.0624,35.1391,-36.4835,1
-0.160447,0.829597,-0.534813,0,-0.0182383,0.539249,0.841949,0,0.986876,0.144842,-0.0713902,0,38.0881,35.1604,-36.4987,1
-0.160276,0.82962,-0.53483,0,-0.0180975,0.539274,0.841936,0,0.986906,0.144621,-0.0714186,0,38.1004,35.1684,-36.5105,1
-0.160075,0.829665,-0.534819,0,-0.0179269,0.539273,0.84194,0,0.986942,0.144361,-0.0714509,0,38.1189,35.1664,-36.5063,1
-0.159812,0.829671,-0.534889,0,-0.0177106,0.539356,0.841892,0,0.986989,0.144018,-0.0715017,0,38.1367,35.1798,-36.5209,1
-0.159583,0.829718,-0.534884,0,-0.0175605,0.539356,0.841895,0,0.987028,0.143745,-0.0715017,0,38.1499,35.1701,-36.5326,1
-0.15929,0.829727,-0.534958,0,-0.0174017,0.539433,0.841849,0,0.987079,0.143408,-0.0714878,0,38.1861,35.2108,-36.5053,1
-0.15906,0.829732,-0.535019,0,-0.0173719,0.539482,0.841818,0,0.987116,0.143194,-0.0713961,0,38.1692,35.2068,-36.5123,1
-0.15883,0.829767,-0.535033,0,-0.0171124,0.539517,0.841801,0,0.987158,0.142859,-0.0714921,0,38.196,35.2208,-36.5164,1
-0.158553,0.829786,-0.535085,0,-0.0168899,0.539582,0.841764,0,0.987206,0.142502,-0.0715372,0,38.2275,35.2605,-36.5191,1
-0.158374,0.829817,-0.535091,0,-0.0166971,0.539602,0.841755,0,0.987238,0.142246,-0.0716033,0,38.2641,35.2648,-36.5428,1
-0.158089,0.829841,-0.535137,0,-0.0164631,0.539662,0.841721,0,0.987288,0.141877,-0.0716527,0,38.2792,35.2933,-36.5547,1
-0.15788,0.829882,-0.535135,0,-0.0161889,0.539684,0.841712,0,0.987326,0.141553,-0.0717706,0,38.3128,35.2849,-36.5372,1
-0.157626,0.829898,-0.535185,0,-0.0159926,0.539744,0.841677,0,0.987369,0.14123,-0.0718057,0,38.326,35.2988,-36.5539,1
-0.157396,0.829933,-0.5352,0,-0.0157336,0.539779,0.84166,0,0.98741,0.140895,-0.0719012,0,38.3723,35.307,-36.5599,1
-0.157096,0.829987,-0.535204,0,-0.0155037,0.539793,0.841655,0,0.987462,0.140518,-0.0719315,0,38.3786,35.3168,-36.5605,1
-0.156683,0.830036,-0.535248,0,-0.0150463,0.539873,0.841612,0,0.987534,0.13992,-0.0720998,0,38.4258,35.3282,-36.5731,1
-0.156311,0.830086,-0.535279,0,-0.0147631,0.539917,0.841589,0,0.987598,0.139452,-0.0721402,0,38.4424,35.3145,-36.5921,1
-0.155988,0.83014,-0.53529,0,-0.0144289,0.539951,0.841573,0,0.987654,0.138999,-0.072248,0,38.4833,35.3376,-36.5835,1
-0.155644,0.830172,-0.53534,0,-0.0141154,0.54002,0.841534,0,0.987713,0.138536,-0.0723324,0,38.5129,35.3463,-36.5922,1
-0.155336,0.830199,-0.535388,0,-0.013833,0.540085,0.841497,0,0.987765,0.138121,-0.0724105,0,38.5634,35.3815,-36.6042,1
-0.154962,0.830233,-0.535443,0,-0.0134829,0.540163,0.841453,0,0.987828,0.137613,-0.0725106,0,38.5815,35.3759,-36.626,1
-0.154645,0.830272,-0.535475,0,-0.0131674,0.540215,0.841424,0,0.987882,0.137173,-0.072609,0,38.6006,35.3816,-36.6185,1
-0.154243,0.830329,-0.535502,0,-0.0128446,0.540257,0.841402,0,0.98795,0.136659,-0.0726656,0,38.642,35.4104,-36.6259,1
-0.153786,0.830397,-0.535529,0,-0.0123979,0.540312,0.841374,0,0.988026,0.136031,-0.0727973,0,38.7017,35.4653,-36.6364,1
-0.153348,0.830432,-0.535601,0,-0.0120397,0.540401,0.841322,0,0.988099,0.135464,-0.0728713,0,38.7057,35.4365,-36.659,1
-0.15288,0.830521,-0.535596,0,-0.0115573,0.540428,0.841311,0,0.988177,0.13481,-0.073022,0,38.7594,35.4318,-36.6462,1
-0.152514,0.830562,-0.535636,0,-0.0112112,0.540487,0.841278,0,0.988238,0.134312,-0.0731204,0,38.7909,35.4348,-36.6612,1
-0.152141,0.830616,-0.53566,0,-0.0108881,0.540527,0.841256,0,0.988299,0.133822,-0.0731926,0,38.8162,35.4852,-36.6582,1
-0.15185,0.830644,-0.535698,0,-0.0106565,0.540575,0.841228,0,0.988346,0.133449,-0.0732346,0,38.8335,35.477,-36.6618,1
-0.151527,0.830682,-0.535731,0,-0.0103286,0.540629,0.841198,0,0.988399,0.132998,-0.0733402,0,38.891,35.4984,-36.6696,1
-0.150698,0.830752,-0.535855,0,-0.00983471,0.540759,0.84112,0,0.988531,0.132025,-0.073321,0,38.9201,35.5326,-36.6878,1
-0.150329,0.830816,-0.53586,0,-0.00944024,0.540788,0.841106,0,0.988591,0.131501,-0.0734532,0,38.9552,35.5422,-36.6789,1
-0.149964,0.83083,-0.535941,0,-0.00914634,0.540882,0.841049,0,0.988649,0.131029,-0.0735137,0,38.9866,35.5589,-36.7091,1
-0.149417,0.830907,-0.535974,0,-0.00856492,0.540951,0.841011,0,0.988737,0.130252,-0.0737108,0,39.0366,35.5819,-36.711,1
-0.148845,0.830933,-0.536094,0,-0.00818302,0.541079,0.840932,0,0.988827,0.129555,-0.0737371,0,39.0554,35.5921,-36.7277,1
-0.148428,0.830959,-0.536168,0,-0.00791395,0.541159,0.840883,0,0.988892,0.129054,-0.0737471,0,39.091,35.635,-36.7477,1
-0.147928,0.831015,-0.53622,0,-0.00753046,0.541223,0.840845,0,0.98897,0.128422,-0.073804,0,39.1207,35.6426,-36.7353,1
-0.147359,0.831093,-0.536256,0,-0.0070175,0.541282,0.840812,0,0.989058,0.127664,-0.0739305,0,39.1839,35.6608,-36.7536,1
-0.146729,0.831165,-0.536317,0,-0.006397,0.541376,0.840756,0,0.989156,0.126794,-0.0741188,0,39.2249,35.6853,-36.7515,1
-0.146104,0.831232,-0.536384,0,-0.00590958,0.541459,0.840707,0,0.989252,0.126,-0.0741969,0,39.2586,35.689,-36.792,1
-0.145712,0.831303,-0.53638,0,-0.00544288,0.541485,0.840693,0,0.989312,0.125419,-0.0743762,0,39.3134,35.687,-36.7791,1
-0.145156,0.831288,-0.536555,0,-0.0050402,0.54167,0.840576,0,0.989396,0.124719,-0.0744369,0,39.3426,35.7306,-36.8188,1
-0.144599,0.831334,-0.536634,0,-0.00464302,0.541758,0.840522,0,0.989479,0.12403,-0.0744776,0,39.3706,35.7343,-36.8242,1
-0.144045,0.831388,-0.536698,0,-0.00417759,0.541839,0.840472,0,0.989562,0.123308,-0.0745758,0,39.4158,35.7578,-36.814,1
-0.143473,0.831462,-0.536737,0,-0.00370694,0.541893,0.840439,0,0.989647,0.12257,-0.074665,0,39.4715,35.8066,-36.8304,1
-0.14266,0.831581,-0.53677,0,-0.00284582,0.54197,0.840393,0,0.989768,0.121418,-0.0749511,0,39.5513,35.8072,-36.8227,1
-0.141924,0.831666,-0.536832,0,-0.00224625,0.54205,0.840343,0,0.989875,0.120471,-0.0750619,0,39.6159,35.8463,-36.8454,1
-0.141469,0.831709,-0.536886,0,-0.0018246,0.542121,0.840299,0,0.989941,0.119856,-0.0751755,0,39.6464,35.8379,-36.863,1
-0.140931,0.831775,-0.536925,0,-0.00140782,0.542169,0.840268,0,0.990019,0.119176,-0.0752373,0,39.6852,35.8627,-36.8897,1
-0.140483,0.831805,-0.536996,0,-0.00103966,0.542251,0.840216,0,0.990083,0.118594,-0.0753122,0,39.7248,35.9045,-36.8988,1
-0.139926,0.831886,-0.537017,0,-0.000444531,0.5423,0.840185,0,0.990162,0.117803,-0.0755123,0,39.7754,35.8961,-36.8846,1
-0.139183,0.831961,-0.537093,0,6.23316e-05,0.54238,0.840134,0,0.990267,0.116899,-0.0755417,0,39.8259,35.942,-36.9321,1
-0.1382,0.832035,-0.537233,0,0.000802919,0.542532,0.840035,0,0.990404,0.115662,-0.075646,0,39.8935,35.9824,-36.9486,1
-0.137495,0.832095,-0.537321,0,0.00141647,0.542638,0.839966,0,0.990502,0.11473,-0.0757887,0,39.939,36.0062,-36.9568,1
-0.13691,0.83215,-0.537385,0,0.00207669,0.542733,0.839903,0,0.990581,0.113876,-0.0760339,0,40.0187,36.0447,-36.9492,1
-0.136238,0.832192,-0.537491,0,0.00258857,0.542847,0.839828,0,0.990673,0.113025,-0.0761104,0,40.056,36.0593,-36.9905,1
-0.135531,0.832264,-0.537558,0,0.00336193,0.542947,0.83976,0,0.990768,0.112006,-0.0763839,0,40.1205,36.0566,-36.9955,1
-0.134664,0.832355,-0.537634,0,0.00394432,0.543022,0.839709,0,0.990884,0.110958,-0.0764086,0,40.173,36.0978,-37.0393,1
-0.133953,0.832392,-0.537755,0,0.00444312,0.543144,0.839628,0,0.990978,0.110082,-0.0764545,0,40.2009,36.119,-37.0503,1
-0.133161,0.832496,-0.537791,0,0.00515744,0.543198,0.839589,0,0.991081,0.109027,-0.0766264,0,40.2976,36.1692,-37.0358,1
-0.131981,0.832593,-0.537932,0,0.00616937,0.543358,0.839478,0,0.991233,0.107476,-0.0768494,0,40.3777,36.1945,-37.0823,1
-0.131322,0.832687,-0.537947,0,0.00686926,0.543398,0.839447,0,0.991316,0.106543,-0.0770803,0,40.4623,36.2215,-37.0772,1
-0.130556,0.83275,-0.538036,0,0.00752171,0.543497,0.839378,0,0.991413,0.105539,-0.0772206,0,40.517,36.2402,-37.0914,1
-0.129904,0.832814,-0.538096,0,0.00817464,0.543575,0.839321,0,0.991493,0.104632,-0.0774206,0,40.581,36.267,-37.1001,1
-0.1292,0.832809,-0.538272,0,0.00876024,0.543759,0.839196,0,0.99158,0.103709,-0.0775492,0,40.6087,36.2808,-37.1288,1
-0.128338,0.832878,-0.538371,0,0.0094214,0.54386,0.839123,0,0.991686,0.102619,-0.0776447,0,40.6546,36.2908,-37.1321,1
-0.127633,0.832932,-0.538455,0,0.0100179,0.54395,0.839058,0,0.991771,0.101697,-0.07777,0,40.7012,36.3067,-37.1647,1
-0.126529,0.833058,-0.538521,0,0.0110596,0.544035,0.83899,0,0.991901,0.1002,-0.0780492,0,40.8156,36.3617,-37.1678,1
-0.125889,0.833077,-0.538641,0,0.0115144,0.544151,0.838908,0,0.991977,0.0994077,-0.0780953,0,40.8427,36.3794,-37.2107,1
-0.125201,0.83316,-0.538673,0,0.0121138,0.544189,0.838876,0,0.992057,0.0985032,-0.0782259,0,40.9013,36.4007,-37.2087,1
-0.124509,0.833177,-0.538807,0,0.0126526,0.544322,0.838781,0,0.992138,0.0976183,-0.0783147,0,40.9373,36.3951,-37.2263,1
-0.123675,0.833221,-0.538931,0,0.0134205,0.544456,0.838682,0,0.992232,0.0964912,-0.0785178,0,41.0238,36.4522,-37.2291,1
-0.122977,0.833309,-0.538956,0,0.0141456,0.544495,0.838645,0,0.992309,0.09551,-0.0787479,0,41.0902,36.4794,-37.2199,1
-0.12205,0.833382,-0.539054,0,0.0148999,0.544591,0.838569,0,0.992412,0.0943155,-0.0788847,0,41.1713,36.5162,-37.2463,1
-0.120742,0.83349,-0.539182,0,0.0159696,0.544716,0.838469,0,0.992555,0.0926282,-0.0790808,0,41.2559,36.568,-37.3011,1
-0.119871,0.833563,-0.539262,0,0.0168032,0.544804,0.838395,0,0.992647,0.0914376,-0.0793125,0,41.3375,36.6143,-37.3055,1
-0.118993,0.833636,-0.539345,0,0.0175298,0.544883,0.838329,0,0.992741,0.0903002,-0.0794505,0,41.4042,36.6395,-37.3125,1
-0.118005,0.833666,-0.539515,0,0.0182393,0.545039,0.838212,0,0.992846,0.0890732,-0.079523,0,41.4617,36.6859,-37.3555,1
-0.11716,0.833718,-0.539619,0,0.0190213,0.545145,0.838126,0,0.992931,0.0879306,-0.0797276,0,41.5377,36.7071,-37.3728,1
-0.116282,0.833811,-0.539665,0,0.0198774,0.545196,0.838073,0,0.993017,0.0867253,-0.0799703,0,41.6289,36.7444,-37.3825,1
-0.115321,0.833875,-0.539772,0,0.0206845,0.545295,0.837989,0,0.993113,0.0854729,-0.0801323,0,41.6988,36.7865,-37.4111,1
-0.114267,0.833925,-0.539919,0,0.0214937,0.545427,0.837883,0,0.993218,0.0841378,-0.0802486,0,41.7509,36.7926,-37.4297,1
-0.112896,0.833997,-0.540096,0,0.0226627,0.545591,0.837745,0,0.993349,0.0823377,-0.0804954,0,41.8623,36.8519,-37.4507,1
-0.112015,0.83405,-0.540198,0,0.023576,0.545697,0.837651,0,0.993427,0.0810939,-0.0807899,0,41.9345,36.8863,-37.4531,1
-0.111011,0.834123,-0.540293,0,0.0243908,0.545776,0.837576,0,0.99352,0.0798021,-0.0809321,0,42.0011,36.901,-37.4984,1
-0.110187,0.834197,-0.540346,0,0.0251786,0.545825,0.837521,0,0.993592,0.0786785,-0.0811465,0,42.0782,36.9171,-37.5095,1
-0.109383,0.834229,-0.54046,0,0.0258572,0.545927,0.837434,0,0.993663,0.0776266,-0.0812861,0,42.1246,36.949,-37.5219,1
-0.108423,0.834261,-0.540605,0,0.0265169,0.546045,0.837336,0,0.993751,0.0764517,-0.081326,0,42.177,36.9844,-37.5352,1
-0.107853,0.834317,-0.540632,0,0.027135,0.546072,0.837299,0,0.993796,0.0756348,-0.0815345,0,42.2326,36.9988,-37.5372,1
-0.106823,0.834383,-0.540735,0,0.028052,0.546159,0.837212,0,0.993882,0.0742646,-0.0817483,0,42.3103,37.005,-37.5577,1
-0.106075,0.834398,-0.540858,0,0.0287009,0.54627,0.837117,0,0.993944,0.0732739,-0.0818933,0,42.3693,37.0419,-37.5662,1
-0.10529,0.834431,-0.540961,0,0.0294665,0.546364,0.83703,0,0.994005,0.0721908,-0.0821145,0,42.4356,37.0593,-37.6,1
-0.104491,0.834488,-0.541029,0,0.0300875,0.54641,0.836977,0,0.994071,0.0711782,-0.0822024,0,42.4734,37.0688,-37.6297,1
-0.1036,0.834551,-0.541103,0,0.0307651,0.546459,0.836921,0,0.994143,0.0700577,-0.082288,0,42.5399,37.1404,-37.6338,1
-0.102975,0.834579,-0.541178,0,0.0314153,0.546528,0.836852,0,0.994188,0.0691738,-0.0824973,0,42.6071,37.1357,-37.645,1
-0.102136,0.834623,-0.54127,0,0.0320954,0.546597,0.836781,0,0.994253,0.0680935,-0.082615,0,42.6829,37.1994,-37.6771,1
-0.101253,0.834687,-0.541337,0,0.0328235,0.54664,0.836724,0,0.994319,0.0669521,-0.0827463,0,42.7344,37.2116,-37.6956,1
-0.100088,0.834677,-0.541569,0,0.0337762,0.546839,0.836556,0,0.994405,0.0654375,-0.0829244,0,42.8204,37.2686,-37.7227,1
-0.0994209,0.834698,-0.541659,0,0.0343661,0.546912,0.836485,0,0.994452,0.0645494,-0.0830598,0,42.8608,37.2769,-37.7242,1
-0.0986699,0.834763,-0.541697,0,0.0350236,0.546929,0.836446,0,0.994504,0.0635601,-0.0832018,0,42.9288,37.3408,-37.7336,1
-0.0978103,0.834808,-0.541784,0,0.0357765,0.546991,0.836374,0,0.994562,0.0624228,-0.0833678,0,43.0017,37.3512,-37.7687,1
-0.0971763,0.834847,-0.541837,0,0.036384,0.54703,0.836322,0,0.994602,0.0615566,-0.0835334,0,43.0389,37.3594,-37.771,1
-0.0963868,0.834883,-0.541923,0,0.0370333,0.547089,0.836255,0,0.994655,0.0605349,-0.0836506,0,43.0959,37.3862,-37.7648,1
-0.0956582,0.834886,-0.542047,0,0.0375912,0.547185,0.836167,0,0.994704,0.05961,-0.0837271,0,43.1514,37.4358,-37.8055,1
-0.0944421,0.834918,-0.542211,0,0.0385607,0.547305,0.836045,0,0.994783,0.0580498,-0.0838837,0,43.2229,37.4676,-37.8244,1
-0.0938182,0.834945,-0.542278,0,0.0393149,0.547362,0.835972,0,0.994813,0.0571099,-0.0841783,0,43.3037,37.4886,-37.8106,1
-0.0931174,0.834997,-0.542319,0,0.0399191,0.547378,0.835933,0,0.994855,0.0561911,-0.0843028,0,43.3479,37.4983,-37.8367,1
-0.0924547,0.835002,-0.542424,0,0.0404514,0.547457,0.835856,0,0.994895,0.055337,-0.0843921,0,43.387,37.5317,-37.8527,1
-0.0919223,0.835032,-0.542469,0,0.0409393,0.547484,0.835814,0,0.994924,0.0546216,-0.0845116,0,43.434,37.552,-37.8535,1
-0.0913654,0.835065,-0.542512,0,0.0413769,0.547504,0.83578,0,0.994957,0.053914,-0.0845752,0,43.456,37.5366,-37.8954,1
-0.0907716,0.835077,-0.542594,0,0.0418903,0.547562,0.835716,0,0.99499,0.0531299,-0.0846848,0,43.4967,37.5549,-37.9056,1
-0.0900572,0.8351,-0.542677,0,0.0424048,0.547612,0.835657,0,0.995034,0.0522448,-0.0847287,0,43.5354,37.5799,-37.9041,1
-0.0891809,0.835107,-0.542811,0,0.0432195,0.547714,0.835549,0,0.995077,0.051055,-0.0849385,0,43.5908,37.5972,-37.9339,1
-0.0886474,0.835108,-0.542897,0,0.0437121,0.547779,0.835481,0,0.995103,0.050332,-0.0850635,0,43.6451,37.627,-37.9374,1
-0.0880294,0.83513,-0.542963,0,0.044297,0.547822,0.835422,0,0.995133,0.04949,-0.0852181,0,43.6916,37.6294,-37.9581,1
-0.0873965,0.835172,-0.543,0,0.0448733,0.547833,0.835383,0,0.995163,0.0486434,-0.0853556,0,43.7341,37.6414,-37.9723,1
-0.0868501,0.835197,-0.54305,0,0.045303,0.547857,0.835345,0,0.995191,0.047948,-0.0854184,0,43.779,37.6695,-37.9819,1
-0.086224,0.835213,-0.543126,0,0.0458168,0.547903,0.835286,0,0.995222,0.0471375,-0.0855092,0,43.8172,37.7048,-38.0114,1
-0.0856879,0.835224,-0.543193,0,0.0462739,0.547946,0.835233,0,0.995247,0.0464336,-0.0856014,0,43.8646,37.7141,-38.0028,1
-0.0848332,0.83525,-0.543288,0,0.0469152,0.547997,0.835164,0,0.99529,0.0453613,-0.0856742,0,43.9106,37.7508,-38.0097,1
-0.0842311,0.835242,-0.543393,0,0.0474098,0.548073,0.835086,0,0.995318,0.0445779,-0.0857634,0,43.9604,37.7826,-38.0327,1
-0.08372,0.83528,-0.543414,0,0.0479346,0.548073,0.835056,0,0.995336,0.0438626,-0.0859234,0,44.0052,37.8016,-38.04,1
-0.083287,0.835266,-0.543502,0,0.04842,0.548145,0.834981,0,0.995349,0.0432267,-0.0860969,0,44.0555,37.804,-38.0445,1
-0.0827506,0.83529,-0.543546,0,0.0488255,0.54816,0.834947,0,0.995374,0.0425535,-0.086144,0,44.086,37.8239,-38.065,1
-0.082261,0.83531,-0.54359,0,0.0492538,0.54818,0.834909,0,0.995393,0.0419067,-0.086236,0,44.1317,37.8515,-38.0694,1
-0.0818017,0.835335,-0.543621,0,0.0497259,0.548191,0.834874,0,0.995407,0.0412621,-0.0863807,0,44.1638,37.8632,-38.0539,1
-0.081039,0.835355,-0.543705,0,0.050432,0.548237,0.834801,0,0.995434,0.0402315,-0.0865571,0,44.2275,37.9024,-38.0657,1
-0.0804179,0.835374,-0.543768,0,0.0508193,0.548261,0.834762,0,0.995465,0.0394959,-0.0865432,0,44.2619,37.9203,-38.0711,1
-0.0800103,0.835377,-0.543823,0,0.0510746,0.548292,0.834726,0,0.995485,0.0390112,-0.0865355,0,44.268,37.9217,-38.0942,1
-0.0796971,0.835379,-0.543867,0,0.0514177,0.548321,0.834686,0,0.995492,0.0385577,-0.0866528,0,44.3179,37.9447,-38.0772,1
-0.0792188,0.835372,-0.543948,0,0.0516697,0.54837,0.834638,0,0.995517,0.0380134,-0.0866046,0,44.3292,37.9735,-38.1271,1
-0.0788177,0.835393,-0.543973,0,0.0522193,0.548381,0.834597,0,0.99552,0.0373752,-0.0868457,0,44.3937,37.9932,-38.1324,1
-0.078385,0.835402,-0.544023,0,0.0526019,0.548407,0.834555,0,0.995535,0.0368,-0.0869306,0,44.4049,37.985,-38.1264,1
-0.0779532,0.835372,-0.544131,0,0.052945,0.54849,0.834479,0,0.99555,0.0362415,-0.0869853,0,44.4498,38.024,-38.1424,1
-0.0772948,0.835401,-0.544179,0,0.0536224,0.548505,0.834426,0,0.995565,0.0353167,-0.0871928,0,44.5004,38.028,-38.1461,1
-0.076929,0.835411,-0.544216,0,0.0538995,0.54852,0.834399,0,0.995579,0.0348565,-0.0872253,0,44.5354,38.0641,-38.1655,1
-0.0765505,0.835428,-0.544244,0,0.0541233,0.548522,0.834383,0,0.995596,0.0344161,-0.0872057,0,44.5458,38.079,-38.2009,1
-0.0760908,0.835433,-0.5443,0,0.0546253,0.548555,0.834328,0,0.995604,0.0337521,-0.0873757,0,44.5993,38.0928,-38.1911,1
-0.0757028,0.835426,-0.544364,0,0.0549237,0.548595,0.834282,0,0.995617,0.0332591,-0.0874149,0,44.6097,38.0881,-38.2018,1
-0.075398,0.835445,-0.544377,0,0.0552099,0.548591,0.834266,0,0.995624,0.0328469,-0.0874875,0,44.6311,38.1051,-38.1979,1
-0.074942,0.835443,-0.544445,0,0.0554574,0.548627,0.834226,0,0.995645,0.0323252,-0.0874466,0,44.6495,38.119,-38.2196,1
-0.0744623,0.835458,-0.544486,0,0.0560555,0.548646,0.834174,0,0.995647,0.0315931,-0.0876854,0,44.7039,38.1321,-38.2022,1
-0.0740409,0.83547,-0.544525,0,0.0564756,0.548661,0.834136,0,0.995655,0.0310078,-0.087807,0,44.7339,38.1168,-38.2213,1
-0.0737101,0.835453,-0.544597,0,0.0567089,0.54871,0.834087,0,0.995666,0.0305972,-0.0878231,0,44.741,38.1166,-38.2359,1
-0.0733596,0.835453,-0.544644,0,0.0569825,0.548735,0.834052,0,0.995676,0.0301506,-0.0878611,0,44.7634,38.146,-38.2312,1
-0.0730664,0.835452,-0.544685,0,0.0572742,0.548758,0.834017,0,0.995681,0.0297423,-0.0879457,0,44.7916,38.1654,-38.2411,1
-0.072751,0.835469,-0.544701,0,0.0575267,0.548754,0.834002,0,0.99569,0.0293398,-0.0879842,0,44.8144,38.1681,-38.2384,1
-0.0724133,0.835453,-0.54477,0,0.0576529,0.548797,0.833965,0,0.995707,0.0289827,-0.0879065,0,44.8188,38.1845,-38.2243,1
-0.0719918,0.835442,-0.544843,0,0.0579239,0.548841,0.833918,0,0.995722,0.0284759,-0.0879041,0,44.8275,38.2058,-38.253,1
-0.071894,0.835444,-0.544854,0,0.0580478,0.548846,0.833906,0,0.995722,0.0283253,-0.0879544,0,44.8502,38.2115,-38.2556,1
-0.0716584,0.835458,-0.544862,0,0.0583277,0.548842,0.833889,0,0.995722,0.0279747,-0.0880595,0,44.8835,38.2121,-38.2569,1
-0.0713397,0.835447,-0.544922,0,0.0586191,0.548881,0.833843,0,0.995728,0.0275433,-0.0881301,0,44.9065,38.2326,-38.2754,1
-0.0709746,0.835458,-0.544953,0,0.0588211,0.548885,0.833826,0,0.995742,0.0271258,-0.0880994,0,44.9214,38.2349,-38.2821,1
-0.0707052,0.83546,-0.544984,0,0.059147,0.548902,0.833792,0,0.995742,0.0267193,-0.0882251,0,44.9339,38.2393,-38.2666,1
-0.0704573,0.835459,-0.545018,0,0.0593626,0.54892,0.833765,0,0.995747,0.0263911,-0.0882703,0,44.9548,38.2545,-38.291,1
-0.070227,0.835461,-0.545044,0,0.0595644,0.54893,0.833743,0,0.995751,0.0260861,-0.0883134,0,44.9596,38.2555,-38.291,1
-0.0699732,0.835468,-0.545066,0,0.0597959,0.548935,0.833723,0,0.995755,0.0257456,-0.0883684,0,44.9893,38.2651,-38.3156,1
-0.0698442,0.835482,-0.545062,0,0.0599439,0.548924,0.83372,0,0.995755,0.0255575,-0.0884212,0,45.0097,38.2581,-38.2994,1
-0.0695723,0.835488,-0.545087,0,0.060171,0.54893,0.8337,0,0.995761,0.025204,-0.0884625,0,45.023,38.285,-38.3105,1
-0.0693743,0.835479,-0.545126,0,0.0603714,0.548957,0.833668,0,0.995762,0.0249251,-0.0885225,0,45.051,38.2777,-38.3151,1
-0.0692254,0.835471,-0.545157,0,0.0605398,0.548979,0.833641,0,0.995762,0.0247055,-0.0885825,0,45.0555,38.277,-38.3314,1
-0.0690717,0.835474,-0.545173,0,0.0606098,0.548983,0.833633,0,0.995769,0.0245377,-0.088557,0,45.064,38.2894,-38.3325,1
-0.0689672,0.835502,-0.545142,0,0.0608379,0.548949,0.833639,0,0.995762,0.0243286,-0.0886896,0,45.0914,38.291,-38.3076,1
-0.068746,0.835483,-0.545199,0,0.0609819,0.548989,0.833602,0,0.995769,0.0240595,-0.0886902,0,45.0909,38.2938,-38.3283,1
-0.0686376,0.835485,-0.54521,0,0.0611125,0.548994,0.833589,0,0.995768,0.0238963,-0.0887402,0,45.1189,38.3032,-38.3169,1
-0.068445,0.8355,-0.545211,0,0.0612349,0.54898,0.833589,0,0.995774,0.0236692,-0.0887367,0,45.1121,38.2981,-38.3341,1
-0.0682303,0.835496,-0.545244,0,0.061297,0.548996,0.833575,0,0.995785,0.0234533,-0.0886715,0,45.1235,38.3182,-38.3564,1
-0.0682551,0.835489,-0.545251,0,0.0614643,0.549009,0.833553,0,0.995773,0.0233808,-0.0888255,0,45.156,38.3275,-38.3443,1
-0.068061,0.835506,-0.54525,0,0.0615267,0.548992,0.83356,0,0.995782,0.0231856,-0.0887708,0,45.1567,38.3353,-38.3479,1
-0.068098,0.835513,-0.545235,0,0.06156,0.548982,0.833565,0,0.995778,0.0231994,-0.0888186,0,45.1629,38.3212,-38.338,1
-0.0679206,0.835502,-0.545274,0,0.0616697,0.549007,0.83354,0,0.995783,0.0229878,-0.0888141,0,45.1441,38.3341,-38.3556,1
-0.0679259,0.835519,-0.545247,0,0.0617845,0.548983,0.833547,0,0.995776,0.0229317,-0.0889123,0,45.1733,38.3321,-38.3303,1
-0.0677316,0.835491,-0.545314,0,0.0618413,0.549034,0.83351,0,0.995785,0.0227321,-0.0888547,0,45.1622,38.3387,-38.3625,1
-0.0677344,0.835503,-0.545296,0,0.0619104,0.549018,0.833515,0,0.995781,0.0226982,-0.0889136,0,45.1803,38.3427,-38.3419,1
-0.0676566,0.835503,-0.545305,0,0.0619634,0.549021,0.833509,0,0.995783,0.0226035,-0.0889155,0,45.1786,38.354,-38.3625,1
-0.0675735,0.835494,-0.545329,0,0.0619653,0.549038,0.833497,0,0.995788,0.0225308,-0.088872,0,45.1814,38.3526,-38.3566,1
-0.0675511,0.835489,-0.54534,0,0.061991,0.549047,0.833489,0,0.995788,0.0224969,-0.0888815,0,45.1743,38.3596,-38.366,1
-0.0675959,0.835491,-0.54533,0,0.0620333,0.549042,0.833489,0,0.995782,0.0225119,-0.0889414,0,45.1935,38.3496,-38.3614,1
-0.0675654,0.83551,-0.545306,0,0.0621009,0.549017,0.833501,0,0.99578,0.022452,-0.0889805,0,45.2054,38.3367,-38.338,1
-0.0675084,0.835479,-0.545359,0,0.0620276,0.549064,0.833476,0,0.995789,0.0224393,-0.0888892,0,45.1772,38.3477,-38.3616,1
-0.0674747,0.835503,-0.545328,0,0.0620733,0.54903,0.833495,0,0.995788,0.0223896,-0.0889081,0,45.1816,38.3434,-38.3625,1
-0.0674808,0.835494,-0.545341,0,0.0620373,0.549043,0.833488,0,0.99579,0.0224132,-0.0888816,0,45.1787,38.355,-38.3642,1
-0.0674701,0.835489,-0.54535,0,0.0620203,0.54905,0.833485,0,0.995792,0.0224126,-0.0888617,0,45.1568,38.3552,-38.359,1
-0.0675062,0.835482,-0.545357,0,0.0620456,0.549061,0.833476,0,0.995788,0.0224279,-0.088903,0,45.1534,38.354,-38.3466,1
-0.067509,0.835485,-0.545351,0,0.0620513,0.549056,0.833479,0,0.995787,0.0224277,-0.0889092,0,45.1505,38.3682,-38.3248,1
-0.0674328,0.835484,-0.545363,0,0.0620068,0.549059,0.83348,0,0.995795,0.0223878,-0.0888302,0,45.0981,38.3781,-38.3335,1
-0.0674646,0.835466,-0.545386,0,0.0619616,0.549085,0.833467,0,0.995796,0.0224366,-0.0888106,0,45.082,38.3777,-38.3276,1
-0.0674282,0.83544,-0.54543,0,0.0619974,0.549126,0.833437,0,0.995796,0.0223821,-0.0888217,0,45.0446,38.4034,-38.3223,1
-0.0673628,0.83547,-0.545392,0,0.0620431,0.549083,0.833462,0,0.995798,0.0223066,-0.0888229,0,45.0351,38.4194,-38.3095,1
-0.0674611,0.83545,-0.54541,0,0.0619094,0.549107,0.833456,0,0.995799,0.02246,-0.0887656,0,44.9812,38.4069,-38.3001,1
-0.0673893,0.835449,-0.545421,0,0.0618118,0.54911,0.833462,0,0.99581,0.0224529,-0.0886447,0,44.9251,38.4132,-38.3042,1
-0.0673707,0.83544,-0.545438,0,0.0618012,0.549124,0.833453,0,0.995812,0.0224415,-0.088626,0,44.8955,38.4297,-38.3107,1
-0.0674283,0.835421,-0.54546,0,0.0618091,0.549151,0.833434,0,0.995808,0.0224827,-0.088665,0,44.84,38.4221,-38.2945,1
-0.067482,0.835428,-0.545442,0,0.0617679,0.549138,0.833446,0,0.995807,0.0225519,-0.0886595,0,44.75,38.4077,-38.2424,1
-0.0674387,0.835394,-0.545499,0,0.0616714,0.549189,0.83342,0,0.995816,0.022563,-0.0885565,0,44.6787,38.4214,-38.2591,1
-0.0675303,0.835385,-0.545502,0,0.061594,0.549198,0.83342,0,0.995814,0.0226815,-0.0885422,0,44.6095,38.3951,-38.2383,1
-0.0675836,0.835387,-0.545492,0,0.0615287,0.549192,0.833429,0,0.995815,0.0227627,-0.0885166,0,44.5463,38.4018,-38.2197,1
-0.0676167,0.835359,-0.54553,0,0.0614215,0.54923,0.833412,0,0.995819,0.0228454,-0.0884461,0,44.4465,38.3832,-38.2048,1
-0.0677053,0.835326,-0.54557,0,0.0613662,0.549276,0.833385,0,0.995816,0.022945,-0.0884497,0,44.3728,38.369,-38.1741,1
-0.0676574,0.835325,-0.545578,0,0.0613205,0.549279,0.833386,0,0.995822,0.0229297,-0.0883853,0,44.2923,38.37,-38.1701,1
-0.0677931,0.835298,-0.545602,0,0.0611542,0.54931,0.833378,0,0.995824,0.0231314,-0.0883214,0,44.1472,38.3506,-38.1419,1
-0.0678197,0.835269,-0.545643,0,0.0610376,0.549351,0.833359,0,0.995829,0.0232136,-0.0882396,0,44.0304,38.3374,-38.1272,1
-0.0678529,0.835251,-0.545666,0,0.0608564,0.549373,0.833358,0,0.995838,0.0233386,-0.088107,0,43.9008,38.3148,-38.1304,1
-0.0678321,0.835221,-0.545716,0,0.060773,0.549419,0.833334,0,0.995844,0.0233622,-0.0880271,0,43.7932,38.3342,-38.1047,1
-0.0679481,0.835233,-0.545683,0,0.0607194,0.549395,0.833354,0,0.995839,0.0234913,-0.0880451,0,43.697,38.3209,-38.0526,1
-0.0680128,0.835214,-0.545703,0,0.0606398,0.549419,0.833344,0,0.99584,0.0235868,-0.0880148,0,43.5921,38.3117,-38.0192,1
-0.0679838,0.835164,-0.545784,0,0.0604557,0.549492,0.833309,0,0.995853,0.0236559,-0.0878469,0,43.4581,38.3107,-38.0222,1
-0.0680661,0.835152,-0.545792,0,0.0602457,0.549503,0.833317,0,0.99586,0.023839,-0.0877168,0,43.2614,38.2933,-37.9832,1
-0.0681497,0.835132,-0.545811,0,0.0602302,0.549529,0.833301,0,0.995856,0.023915,-0.0877504,0,43.1809,38.2904,-37.9425,1
-0.0681847,0.835122,-0.545823,0,0.0601145,0.549541,0.833301,0,0.99586,0.0240066,-0.0876732,0,43.0836,38.2888,-37.9323,1
-0.0682183,0.835101,-0.545851,0,0.059952,0.549568,0.833295,0,0.995867,0.0241212,-0.0875566,0,42.9402,38.2774,-37.9088,1
-0.0683071,0.835075,-0.54588,0,0.0598614,0.549603,0.833279,0,0.995867,0.0242417,-0.0875305,0,42.8375,38.2579,-37.875,1
-0.0683508,0.835073,-0.545878,0,0.0597423,0.549601,0.833288,0,0.995871,0.0243439,-0.0874549,0,42.6787,38.2401,-37.8426,1
-0.0683215,0.835045,-0.545924,0,0.0595505,0.54964,0.833277,0,0.995885,0.0244207,-0.0872796,0,42.5309,38.2533,-37.8371,1
-0.0684072,0.835022,-0.545948,0,0.0594175,0.549669,0.833267,0,0.995887,0.0245627,-0.0872162,0,42.3725,38.2234,-37.8046,1
-0.0684865,0.834991,-0.545985,0,0.0591743,0.549706,0.83326,0,0.995896,0.0247588,-0.0870575,0,42.1349,38.2229,-37.741,1
-0.0685926,0.834967,-0.546009,0,0.0591077,0.549738,0.833243,0,0.995892,0.0248809,-0.0870609,0,42.0059,38.1914,-37.7014,1
-0.0686352,0.834932,-0.546057,0,0.0589495,0.549786,0.833223,0,0.995899,0.0249986,-0.0869534,0,41.8384,38.1836,-37.6902,1
-0.0686725,0.834923,-0.546066,0,0.0587984,0.549794,0.833229,0,0.995905,0.025112,-0.0868478,0,41.6806,38.1948,-37.6449,1
-0.0688302,0.834899,-0.546082,0,0.0586452,0.54982,0.833222,0,0.995903,0.0253257,-0.0868071,0,41.4839,38.1439,-37.5779,1
-0.0688481,0.834858,-0.546143,0,0.0583918,0.549876,0.833203,0,0.995917,0.0254742,-0.0866068,0,41.2869,38.1541,-37.5703,1
-0.0688597,0.834827,-0.546189,0,0.058195,0.549917,0.833189,0,0.995928,0.0255876,-0.0864499,0,41.0795,38.1489,-37.5285,1
-0.0690466,0.834786,-0.546228,0,0.0579139,0.549965,0.833177,0,0.995931,0.0258939,-0.0863189,0,40.7737,38.1145,-37.4703,1
-0.0690411,0.834743,-0.546294,0,0.0577463,0.550027,0.833148,0,0.995941,0.0259752,-0.0861777,0,40.5874,38.102,-37.4371,1
-0.0691716,0.83472,-0.546314,0,0.0575166,0.550051,0.833148,0,0.995945,0.0262081,-0.0860582,0,40.3895,38.0853,-37.392,1
-0.0692095,0.834665,-0.546392,0,0.0573616,0.550129,0.833107,0,0.995952,0.0263171,-0.0859519,0,40.198,38.0949,-37.3483,1
-0.0693553,0.834666,-0.546372,0,0.0572248,0.550118,0.833124,0,0.995949,0.0265156,-0.0859172,0,40.003,38.057,-37.2698,1
-0.0693859,0.834644,-0.546402,0,0.0570184,0.550145,0.83312,0,0.995959,0.0266519,-0.0857624,0,39.794,38.0527,-37.2361,1
-0.0694525,0.834595,-0.546468,0,0.0568275,0.550211,0.83309,0,0.995965,0.0268059,-0.0856415,0,39.6391,38.054,-37.2094,1
-0.0695609,0.834559,-0.54651,0,0.0566603,0.550258,0.833071,0,0.995967,0.0269837,-0.0855628,0,39.3822,38.0324,-37.1129,1
-0.0696463,0.834538,-0.54653,0,0.0564893,0.550281,0.833067,0,0.995971,0.0271468,-0.0854675,0,39.1754,38.0177,-37.0557,1
-0.0696916,0.834492,-0.546596,0,0.0561524,0.550341,0.83305,0,0.995987,0.027364,-0.0852129,0,38.9117,37.9846,-37.0289,1
-0.069774,0.83444,-0.546664,0,0.0559604,0.550411,0.833017,0,0.995992,0.0275315,-0.0850999,0,38.6863,37.9818,-36.9968,1
-0.0697872,0.834408,-0.546712,0,0.0557448,0.550454,0.833003,0,0.996003,0.0276565,-0.0849286,0,38.447,37.9869,-36.9556,1
-0.069902,0.83437,-0.546755,0,0.0554474,0.550498,0.832993,0,0.996012,0.0279118,-0.0847445,0,38.1972,37.9679,-36.9071,1
-0.0699346,0.834343,-0.546792,0,0.0551826,0.55053,0.832989,0,0.996024,0.0280814,-0.0845423,0,37.9463,37.9511,-36.8678,1
-0.0699866,0.834261,-0.546911,0,0.0549151,0.550646,0.832931,0,0.996035,0.0282603,-0.0843513,0,37.6711,37.9478,-36.8355,1
-0.0701776,0.834231,-0.546932,0,0.054626,0.550675,0.832931,0,0.996038,0.0285764,-0.0842157,0,37.3117,37.9128,-36.7364,1
-0.0703065,0.834195,-0.54697,0,0.0544068,0.550718,0.832917,0,0.996041,0.0288007,-0.0841049,0,37.0735,37.874,-36.6763,1
-0.0704239,0.834145,-0.547031,0,0.0541658,0.550781,0.83289,0,0.996046,0.0290251,-0.0839703,0,36.8265,37.8615,-36.6159,1
-0.0705307,0.834122,-0.547052,0,0.0539047,0.550804,0.832892,0,0.996052,0.0292559,-0.0838117,0,36.5527,37.8302,-36.5607,1
-0.0706305,0.83407,-0.547119,0,0.0536978,0.550873,0.83286,0,0.996056,0.0294464,-0.0836962,0,36.3047,37.8292,-36.4895,1
-0.0707262,0.834039,-0.547154,0,0.0534372,0.550908,0.832854,0,0.996063,0.0296662,-0.0835323,0,36.0065,37.8057,-36.4299,1
-0.070813,0.834013,-0.547182,0,0.0531865,0.550936,0.832851,0,0.996071,0.029874,-0.0833716,0,35.7453,37.7964,-36.3801,1
-0.0709389,0.833954,-0.547256,0,0.0529319,0.551013,0.832817,0,0.996075,0.0301118,-0.083231,0,35.3641,37.7782,-36.2598,1
-0.0709901,0.833912,-0.547314,0,0.0527235,0.551068,0.832793,0,0.996083,0.0302638,-0.0830871,0,35.1293,37.7796,-36.2157,1
-0.071164,0.83389,-0.547324,0,0.052436,0.551084,0.832801,0,0.996086,0.030566,-0.0829432,0,34.8668,37.731,-36.1397,1
-0.0713192,0.833829,-0.547397,0,0.0521611,0.551162,0.832767,0,0.996089,0.0308395,-0.0828017,0,34.6191,37.6973,-36.1118,1
-0.0712827,0.833787,-0.547466,0,0.0519921,0.551222,0.832737,0,0.9961,0.0308959,-0.0826429,0,34.4336,37.7077,-36.0917,1
-0.071465,0.833767,-0.547472,0,0.0518152,0.551237,0.832738,0,0.996096,0.0311444,-0.082596,0,34.2079,37.6515,-36.0179,1
-0.071524,0.833742,-0.547503,0,0.0515658,0.551265,0.832735,0,0.996105,0.0313281,-0.0824212,0,34.0181,37.6374,-36.0183,1
-0.0716111,0.83367,-0.5476,0,0.0511546,0.551357,0.8327,0,0.99612,0.0316183,-0.0821293,0,33.6593,37.601,-35.9588,1
-0.0717664,0.833633,-0.547637,0,0.0509908,0.551401,0.832681,0,0.996117,0.031834,-0.0820798,0,33.4243,37.5755,-35.9026,1
-0.0717525,0.83361,-0.547673,0,0.0507836,0.55143,0.832674,0,0.996129,0.0319338,-0.0819001,0,33.2234,37.5903,-35.8559,1
-0.0718598,0.833588,-0.547694,0,0.0507008,0.551456,0.832662,0,0.996125,0.0320666,-0.081891,0,33.0214,37.5649,-35.778,1
-0.0719677,0.833552,-0.547733,0,0.0504743,0.551498,0.832648,0,0.996129,0.0322773,-0.081763,0,32.8028,37.5379,-35.7187,1
-0.0720197,0.833537,-0.54775,0,0.0503399,0.551514,0.832645,0,0.996132,0.0323933,-0.08168,0,32.6109,37.539,-35.666,1
-0.0721394,0.833495,-0.547798,0,0.0500272,0.551561,0.832633,0,0.996139,0.0326609,-0.0814867,0,32.3713,37.502,-35.6328,1
-0.0722692,0.833477,-0.547808,0,0.0499761,0.55158,0.832623,0,0.996132,0.0327958,-0.0815162,0,32.2121,37.492,-35.5709,1
-0.0722833,0.833445,-0.547855,0,0.0496838,0.551619,0.832615,0,0.996146,0.0329647,-0.0812816,0,31.9167,37.4865,-35.5028,1
-0.0724026,0.833406,-0.547898,0,0.0495104,0.551666,0.832595,0,0.996146,0.0331555,-0.0812043,0,31.748,37.465,-35.4768,1
-0.0724149,0.833372,-0.547949,0,0.0493324,0.551712,0.832575,0,0.996154,0.0332593,-0.0810643,0,31.544,37.4564,-35.4403,1
-0.0725087,0.833339,-0.547987,0,0.0491865,0.551752,0.832557,0,0.996154,0.0334141,-0.0809958,0,31.3791,37.4573,-35.3976,1
-0.0725176,0.833307,-0.548034,0,0.0490249,0.551795,0.832538,0,0.996162,0.0335064,-0.0808676,0,31.2163,37.4416,-35.3796,1
-0.0725628,0.833296,-0.548044,0,0.0488444,0.551802,0.832544,0,0.996167,0.0336429,-0.0807423,0,31.0417,37.4226,-35.3389,1
-0.0726759,0.833244,-0.548109,0,0.0485959,0.551868,0.832514,0,0.996171,0.0338679,-0.0805997,0,30.8546,37.3828,-35.3283,1
-0.0727653,0.83322,-0.548133,0,0.0484095,0.551893,0.832509,0,0.996174,0.034043,-0.0804944,0,30.6303,37.3652,-35.275,1
-0.0728858,0.833194,-0.548156,0,0.0483033,0.551922,0.832495,0,0.99617,0.0341995,-0.0804734,0,30.4903,37.3514,-35.2273,1
-0.0728718,0.833185,-0.548172,0,0.0481815,0.551932,0.832496,0,0.996177,0.0342538,-0.0803643,0,30.3871,37.3515,-35.2075,1
-0.0729029,0.833191,-0.54816,0,0.0481469,0.551922,0.832505,0,0.996176,0.0342998,-0.0803522,0,30.2953,37.3331,-35.1792,1
-0.0729168,0.833141,-0.548233,0,0.0479635,0.551989,0.832471,0,0.996184,0.0344059,-0.0802096,0,30.1397,37.3549,-35.1596,1
-0.0729743,0.83312,-0.548258,0,0.0477747,0.552013,0.832466,0,0.996189,0.0345559,-0.0800847,0,29.997,37.344,-35.1342,1
-0.073032,0.833079,-0.548312,0,0.0476546,0.552067,0.832437,0,0.996191,0.0346649,-0.0800186,0,29.869,37.3302,-35.1222,1
-0.0731254,0.833065,-0.548321,0,0.0475968,0.552081,0.832431,0,0.996186,0.0347735,-0.0800224,0,29.7848,37.3067,-35.0847,1
-0.0730829,0.833052,-0.548346,0,0.0473953,0.552096,0.832433,0,0.996199,0.0348477,-0.0798315,0,29.5481,37.319,-35.0332,1
-0.0732621,0.833032,-0.548352,0,0.047273,0.552113,0.832428,0,0.996192,0.0350633,-0.0798288,0,29.4167,37.2728,-34.9992,1
-0.0732647,0.833002,-0.548398,0,0.0472407,0.552157,0.832401,0,0.996193,0.0350789,-0.0798053,0,29.3309,37.2705,-34.9877,1
-0.0732455,0.833002,-0.5484,0,0.0470778,0.552152,0.832413,0,0.996202,0.0351532,-0.0796586,0,29.2179,37.2793,-34.9551,1
-0.0733348,0.832988,-0.548411,0,0.0470532,0.552169,0.832404,0,0.996197,0.0352398,-0.0796878,0,29.1305,37.2695,-34.9106,1
-0.0733719,0.83299,-0.548402,0,0.0469476,0.552159,0.832416,0,0.996199,0.0353298,-0.0796198,0,29.0206,37.2529,-34.8633,1
-0.0734329,0.832951,-0.548454,0,0.0468714,0.552213,0.832385,0,0.996198,0.0354175,-0.0795922,0,28.9122,37.2458,-34.863,1
-0.0734496,0.832943,-0.548462,0,0.0467337,0.552218,0.832389,0,0.996203,0.0355069,-0.0794867,0,28.7689,37.2189,-34.819,1
-0.0735797,0.832923,-0.548477,0,0.0466424,0.55224,0.83238,0,0.996198,0.035664,-0.0794831,0,28.6833,37.2018,-34.8005,1
-0.0735258,0.832918,-0.54849,0,0.0464888,0.552243,0.832386,0,0.996209,0.0357032,-0.0793255,0,28.5759,37.1917,-34.7939,1
-0.0736811,0.832903,-0.548493,0,0.0464742,0.552258,0.832377,0,0.996198,0.0358398,-0.0793994,0,28.5089,37.1684,-34.7575,1
-0.073694,0.832901,-0.548494,0,0.0463923,0.552257,0.832382,0,0.996201,0.0358957,-0.0793383,0,28.4232,37.1561,-34.7326,1
-0.0737483,0.832903,-0.548484,0,0.0463488,0.55225,0.83239,0,0.996199,0.0359659,-0.0793315,0,28.3548,37.148,-34.7028,1
-0.0737723,0.832905,-0.548477,0,0.0463625,0.552246,0.832391,0,0.996197,0.0359787,-0.079356,0,28.3021,37.1514,-34.6716,1
-0.0737245,0.83286,-0.548552,0,0.0461965,0.55231,0.832358,0,0.996208,0.0360239,-0.079194,0,28.2228,37.1561,-34.6951,1
-0.0737801,0.83285,-0.54856,0,0.0461094,0.55232,0.832356,0,0.996208,0.0361177,-0.0791524,0,28.1228,37.1616,-34.6566,1
-0.0738714,0.832834,-0.548571,0,0.0460868,0.552338,0.832346,0,0.996202,0.0362047,-0.0791846,0,28.0663,37.1355,-34.6391,1
-0.0739322,0.832826,-0.548576,0,0.0460865,0.552347,0.83234,0,0.996198,0.0362549,-0.0792182,0,28.0187,37.1084,-34.6105,1
-0.0738824,0.83282,-0.548592,0,0.0460158,0.552356,0.832337,0,0.996205,0.0362512,-0.0791323,0,27.9659,37.1296,-34.6156,1
-0.0738937,0.832824,-0.548585,0,0.0459346,0.552347,0.832348,0,0.996208,0.0363063,-0.0790703,0,27.9283,37.1368,-34.5997,1
-0.0738795,0.832796,-0.548629,0,0.0458814,0.552388,0.832324,0,0.996211,0.0363199,-0.07902,0,27.8696,37.1248,-34.6177,1
-0.0738626,0.832795,-0.548632,0,0.0457994,0.552387,0.832329,0,0.996216,0.036351,-0.0789422,0,27.8361,37.1217,-34.6246,1
-0.073933,0.832805,-0.548607,0,0.0458801,0.552371,0.832335,0,0.996207,0.036367,-0.0790477,0,27.8179,37.123,-34.5771,1
-0.0739591,0.832785,-0.548635,0,0.0457466,0.552396,0.832326,0,0.996211,0.0364599,-0.0789518,0,27.7612,37.1085,-34.6038,1
-0.0739195,0.832778,-0.54865,0,0.045769,0.552408,0.832316,0,0.996213,0.0364134,-0.0789491,0,27.7495,37.1225,-34.5935,1
-0.0739535,0.832796,-0.548618,0,0.0457452,0.552378,0.832338,0,0.996212,0.0364578,-0.0789467,0,27.739,37.1052,-34.5761,1
-0.0739626,0.832783,-0.548637,0,0.0457508,0.552398,0.832324,0,0.996211,0.0364604,-0.0789573,0,27.7244,37.1059,-34.5683,1
-0.0739472,0.832777,-0.548648,0,0.0456678,0.552405,0.832324,0,0.996216,0.0364925,-0.0788799,0,27.6956,37.1097,-34.5868,1
-0.0740223,0.832776,-0.548639,0,0.0456907,0.552402,0.832325,0,0.996209,0.036543,-0.0789402,0,27.6882,37.0909,-34.5599,1
-0.0739581,0.832768,-0.548659,0,0.0456196,0.552415,0.83232,0,0.996217,0.0365272,-0.0788461,0,27.6735,37.0994,-34.5748,1
-0.0739624,0.832772,-0.548653,0,0.045647,0.55241,0.832322,0,0.996216,0.0365162,-0.0788711,0,27.6626,37.1015,-34.5561,1
-0.0739422,0.832775,-0.548651,0,0.0456801,0.552408,0.832321,0,0.996216,0.0364813,-0.0788875,0,27.6642,37.1043,-34.5657,1
-0.0739467,0.832792,-0.548625,0,0.0457734,0.552386,0.832331,0,0.996211,0.0364357,-0.0789669,0,27.6869,37.12,-34.5419,1
-0.0739329,0.832757,-0.54868,0,0.0455993,0.552433,0.832309,0,0.99622,0.0365157,-0.0788162,0,27.6274,37.1206,-34.5813,1
-0.0739144,0.832783,-0.548643,0,0.0456462,0.552396,0.832331,0,0.996219,0.0364779,-0.0788434,0,27.6162,37.1223,-34.5659,1
-0.0739546,0.832756,-0.548679,0,0.045687,0.552437,0.832301,0,0.996215,0.0364852,-0.0789014,0,27.6023,37.1208,-34.5428,1
-0.073901,0.832756,-0.548686,0,0.0455358,0.552434,0.832312,0,0.996226,0.0365238,-0.0787456,0,27.5579,37.119,-34.5676,1
-0.0738639,0.832747,-0.548705,0,0.0455201,0.55245,0.832302,0,0.996229,0.0365,-0.0787128,0,27.5045,37.1548,-34.5602,1
-0.0738652,0.832746,-0.548706,0,0.0455217,0.552451,0.832301,0,0.996229,0.0365002,-0.0787149,0,27.4918,37.1517,-34.5439,1
-0.0738101,0.832762,-0.548689,0,0.0455536,0.55243,0.832314,0,0.996231,0.0364384,-0.0787103,0,27.4829,37.1725,-34.5359,1
-0.0738194,0.832737,-0.548726,0,0.0454351,0.552464,0.832298,0,0.996236,0.0365083,-0.0786181,0,27.4195,37.173,-34.5491,1
-0.0738558,0.832729,-0.548733,0,0.0454611,0.552475,0.832289,0,0.996232,0.0365235,-0.0786602,0,27.3681,37.186,-34.5147,1
-0.0738537,0.832738,-0.548719,0,0.0454431,0.552461,0.8323,0,0.996233,0.0365329,-0.0786434,0,27.335,37.1803,-34.4985,1
-0.073782,0.832726,-0.548748,0,0.0453792,0.552481,0.832289,0,0.996241,0.0365063,-0.0785515,0,27.2902,37.2118,-34.4944,1
-0.073798,0.832709,-0.548771,0,0.0453137,0.552503,0.832278,0,0.996243,0.0365536,-0.0785067,0,27.2137,37.2207,-34.4842,1
-0.0737357,0.832695,-0.5488,0,0.0452423,0.552525,0.832268,0,0.996251,0.0365389,-0.0784139,0,27.1628,37.2485,-34.489,1
-0.0736956,0.832711,-0.548782,0,0.0452351,0.552503,0.832283,0,0.996254,0.0365115,-0.0783849,0,27.0998,37.2602,-34.4762,1
-0.073645,0.832689,-0.548823,0,0.0451948,0.552538,0.832261,0,0.99626,0.036488,-0.0783248,0,27.0439,37.2915,-34.4711,1
-0.0736457,0.832663,-0.548862,0,0.0451436,0.552576,0.832239,0,0.996262,0.0365134,-0.0782842,0,26.9853,37.323,-34.4373,1
-0.0735704,0.832659,-0.548878,0,0.0450393,0.552582,0.832241,0,0.996273,0.0365073,-0.0781561,0,26.8892,37.3269,-34.4569,1
-0.0735711,0.832668,-0.548864,0,0.0450454,0.552569,0.832249,0,0.996272,0.0365059,-0.0781609,0,26.8368,37.3476,-34.3991,1
-0.0734703,0.83262,-0.54895,0,0.0449248,0.552642,0.832207,0,0.996285,0.0364811,-0.0780081,0,26.7244,37.3839,-34.3933,1
-0.0735279,0.832643,-0.548907,0,0.0449548,0.552605,0.83223,0,0.99628,0.0365162,-0.0780632,0,26.6637,37.3956,-34.3566,1
-0.0734982,0.832602,-0.548974,0,0.0448548,0.552665,0.832196,0,0.996286,0.0365408,-0.0779661,0,26.5651,37.4051,-34.3488,1
-0.073489,0.832605,-0.54897,0,0.0448243,0.55266,0.832201,0,0.996288,0.0365505,-0.0779353,0,26.496,37.4322,-34.3128,1
-0.0734089,0.832583,-0.549014,0,0.044764,0.552696,0.83218,0,0.996297,0.0365135,-0.0778426,0,26.4137,37.4618,-34.3106,1
-0.0733819,0.832605,-0.548985,0,0.0447381,0.552663,0.832203,0,0.9963,0.036508,-0.0778047,0,26.325,37.482,-34.2753,1
-0.0733515,0.832583,-0.549022,0,0.0446468,0.552695,0.832187,0,0.996306,0.03653,-0.0777131,0,26.2268,37.5155,-34.2473,1
-0.0732855,0.832552,-0.549078,0,0.0445618,0.552742,0.83216,0,0.996315,0.0365173,-0.0776079,0,26.1192,37.5567,-34.2337,1
-0.0732314,0.832553,-0.549084,0,0.0445677,0.552745,0.832158,0,0.996319,0.0364688,-0.0775831,0,25.9983,37.6224,-34.1718,1
-0.0731647,0.832535,-0.54912,0,0.0444687,0.552771,0.832146,0,0.996328,0.0364651,-0.0774651,0,25.8822,37.6284,-34.1698,1
-0.073143,0.832528,-0.549133,0,0.0443965,0.55278,0.832144,0,0.996333,0.0364859,-0.0773933,0,25.763,37.6513,-34.126,1
-0.0730515,0.832513,-0.549169,0,0.0443433,0.552807,0.832129,0,0.996342,0.0364363,-0.0772998,0,25.6629,37.6835,-34.1386,1
-0.0731149,0.832491,-0.549193,0,0.0443009,0.552834,0.832113,0,0.996339,0.0365101,-0.0773005,0,25.5984,37.7009,-34.083,1
-0.0730718,0.83249,-0.5492,0,0.0442222,0.552835,0.832117,0,0.996346,0.0365174,-0.0772111,0,25.493,37.7306,-34.0553,1
-0.0729962,0.832484,-0.549219,0,0.0441568,0.552846,0.832113,0,0.996354,0.0364894,-0.0771155,0,25.3948,37.7766,-34.0213,1
-0.0729234,0.832449,-0.549282,0,0.0441,0.552901,0.832079,0,0.996362,0.0364548,-0.0770304,0,25.268,37.8227,-33.9894,1
-0.0729309,0.832446,-0.549286,0,0.0440297,0.552903,0.832082,0,0.996365,0.0364997,-0.076976,0,25.16,37.8446,-33.951,1
-0.0728575,0.832432,-0.549318,0,0.0439234,0.552925,0.832073,0,0.996375,0.0364949,-0.076848,0,25.0596,37.8732,-33.9451,1
-0.0728216,0.832423,-0.549335,0,0.0438504,0.552937,0.832068,0,0.996381,0.036504,-0.0767679,0,24.9587,37.8895,-33.9401,1
-0.072766,0.832407,-0.549367,0,0.0438858,0.552966,0.832048,0,0.996383,0.0364355,-0.0767679,0,24.9066,37.9438,-33.8997,1
-0.0727987,0.832402,-0.54937,0,0.0437705,0.552967,0.832053,0,0.996386,0.0365264,-0.07669,0,24.8049,37.9327,-33.8714,1
-0.0726905,0.832398,-0.549391,0,0.0436805,0.552977,0.832051,0,0.996398,0.0364846,-0.0765557,0,24.7039,37.9837,-33.8624,1
-0.0726949,0.832355,-0.549454,0,0.0436263,0.553038,0.832013,0,0.9964,0.0365127,-0.0765156,0,24.6501,38.0034,-33.863,1
-0.0726026,0.832362,-0.549457,0,0.0436428,0.553034,0.832015,0,0.996406,0.0364266,-0.0764784,0,24.5495,38.0289,-33.8149,1
-0.0726015,0.832352,-0.549471,0,0.0435377,0.553045,0.832013,0,0.99641,0.0364827,-0.0763906,0,24.4646,38.0382,-33.8058,1
-0.0725904,0.832343,-0.549487,0,0.0435177,0.553059,0.832005,0,0.996412,0.0364832,-0.0763684,0,24.4152,38.0615,-33.8043,1
-0.0725527,0.832355,-0.549473,0,0.0434728,0.553041,0.832019,0,0.996417,0.0364781,-0.0763094,0,24.36,38.0801,-33.7898,1
-0.0725935,0.83233,-0.549506,0,0.0434763,0.553077,0.831995,0,0.996414,0.0365069,-0.0763364,0,24.3107,38.0899,-33.7492,1
-0.0724939,0.832348,-0.549492,0,0.0434687,0.553055,0.83201,0,0.996421,0.0364301,-0.0762741,0,24.2421,38.1107,-33.7419,1
-0.0725333,0.832322,-0.549526,0,0.0434499,0.553091,0.831987,0,0.996419,0.0364701,-0.0762818,0,24.2086,38.1308,-33.7341,1
-0.0724662,0.832315,-0.549547,0,0.043355,0.553103,0.831984,0,0.996428,0.0364651,-0.0761663,0,24.1237,38.1394,-33.7424,1
-0.0724142,0.832308,-0.549563,0,0.043341,0.553115,0.831977,0,0.996433,0.0364284,-0.0761265,0,24.0929,38.1521,-33.7284,1
-0.0724564,0.832321,-0.549537,0,0.0433062,0.553091,0.831994,0,0.996431,0.036485,-0.0761197,0,24.0527,38.1598,-33.6972,1
-0.0724537,0.832306,-0.549562,0,0.0433343,0.553116,0.831976,0,0.99643,0.0364649,-0.0761427,0,24.0449,38.1783,-33.6869,1
-0.0723994,0.832298,-0.54958,0,0.0432771,0.553129,0.831971,0,0.996436,0.0364501,-0.0760656,0,23.9894,38.1854,-33.6838,1
-0.0723739,0.832293,-0.549591,0,0.0432003,0.553135,0.831971,0,0.996442,0.0364706,-0.0759878,0,23.9439,38.1999,-33.7,1
-0.0724237,0.832274,-0.549613,0,0.0432387,0.553162,0.831951,0,0.996436,0.0364884,-0.0760485,0,23.9336,38.2036,-33.6706,1
-0.0724214,0.832297,-0.549579,0,0.0432077,0.553127,0.831976,0,0.996438,0.0365069,-0.0760199,0,23.9153,38.1983,-33.6612,1
-0.0723894,0.832282,-0.549607,0,0.0432159,0.553152,0.831959,0,0.99644,0.0364732,-0.0760102,0,23.8962,38.2105,-33.6536,1
-0.0723479,0.832272,-0.549627,0,0.0431545,0.553167,0.831952,0,0.996445,0.0364711,-0.0759368,0,23.8697,38.2322,-33.678,1
-0.072364,0.832276,-0.549618,0,0.043139,0.553159,0.831958,0,0.996445,0.0364939,-0.0759324,0,23.8391,38.2285,-33.6674,1
-0.0723821,0.832289,-0.549596,0,0.0432097,0.553141,0.831967,0,0.996441,0.0364717,-0.0760004,0,23.854,38.2352,-33.6374,1
-0.0723524,0.832279,-0.549615,0,0.0431646,0.553156,0.831959,0,0.996445,0.0364703,-0.0759472,0,23.837,38.2335,-33.6423,1
-0.0723603,0.832255,-0.54965,0,0.0431437,0.553191,0.831937,0,0.996445,0.0364853,-0.0759356,0,23.822,38.2371,-33.651,1
-0.0723484,0.832262,-0.549642,0,0.0431505,0.553182,0.831942,0,0.996446,0.0364724,-0.0759343,0,23.8222,38.2343,-33.6568,1
-0.0723463,0.832256,-0.549651,0,0.0431055,0.553189,0.83194,0,0.996448,0.0364948,-0.075896,0,23.8138,38.2392,-33.6528,1
-0.0723493,0.832296,-0.54959,0,0.0431882,0.553132,0.831974,0,0.996444,0.0364569,-0.075964,0,23.8225,38.2335,-33.6319,1
-0.0723198,0.832278,-0.549621,0,0.0431792,0.55316,0.831956,0,0.996446,0.0364348,-0.0759415,0,23.8228,38.2411,-33.6371,1
-0.0723466,0.832266,-0.549636,0,0.0431304,0.553175,0.831948,0,0.996447,0.0364826,-0.0759163,0,23.8079,38.2382,-33.6481,1
-0.0723191,0.832278,-0.549621,0,0.0431779,0.55316,0.831956,0,0.996447,0.036435,-0.0759401,0,23.8168,38.2429,-33.6547,1
-0.072351,0.832284,-0.549609,0,0.0431447,0.553149,0.831965,0,0.996446,0.0364808,-0.0759295,0,23.8019,38.2437,-33.6511,1
-0.0723344,0.832275,-0.549624,0,0.0431773,0.553164,0.831953,0,0.996445,0.0364476,-0.0759481,0,23.8199,38.2585,-33.6457,1
-0.0723761,0.832286,-0.549602,0,0.0431803,0.553145,0.831966,0,0.996442,0.0364825,-0.0759728,0,23.8034,38.2158,-33.6328,1
-0.0723784,0.832281,-0.54961,0,0.0431805,0.553153,0.83196,0,0.996442,0.0364835,-0.0759746,0,23.8152,38.2206,-33.6379,1
-0.0723219,0.83229,-0.549602,0,0.0431678,0.553141,0.831969,0,0.996447,0.0364444,-0.0759323,0,23.813,38.2352,-33.6544,1
-0.0722698,0.832292,-0.549606,0,0.0431379,0.55314,0.831971,0,0.996452,0.0364176,-0.0758786,0,23.8194,38.2568,-33.6584,1
-0.0722997,0.832287,-0.54961,0,0.0431564,0.553146,0.831966,0,0.996449,0.0364317,-0.0759108,0,23.8238,38.2376,-33.6449,1
-0.0723752,0.832282,-0.549608,0,0.0431767,0.553151,0.831962,0,0.996443,0.0364832,-0.0759696,0,23.814,38.2347,-33.6434,1
-0.0723466,0.832284,-0.549609,0,0.0431984,0.553151,0.831961,0,0.996444,0.0364475,-0.0759718,0,23.8221,38.2425,-33.6294,1
-0.0723295,0.832255,-0.549655,0,0.0431019,0.553192,0.831938,0,0.996449,0.0364826,-0.0758839,0,23.8129,38.2452,-33.667,1
-0.072291,0.832259,-0.549654,0,0.0431502,0.55319,0.831937,0,0.99645,0.036424,-0.0759028,0,23.8197,38.251,-33.6623,1
-0.0723012,0.832282,-0.549618,0,0.0431555,0.553155,0.83196,0,0.996449,0.0364328,-0.0759114,0,23.8124,38.2496,-33.6511,1
-0.0722559,0.832281,-0.549626,0,0.0431333,0.553158,0.831959,0,0.996453,0.0364068,-0.075868,0,23.8076,38.2471,-33.6617,1
-0.0723453,0.832278,-0.549618,0,0.0430753,0.553155,0.831964,0,0.996449,0.0365137,-0.0758687,0,23.7895,38.2288,-33.6526,1
-0.0723303,0.832269,-0.549634,0,0.0431099,0.553171,0.831952,0,0.996449,0.0364807,-0.07589,0,23.808,38.2366,-33.6445,1
-0.0723573,0.83227,-0.549629,0,0.0432057,0.553171,0.831946,0,0.996443,0.0364503,-0.0759849,0,23.8149,38.2341,-33.6445,1
-0.0723004,0.83228,-0.549621,0,0.0431143,0.553156,0.831962,0,0.996451,0.0364547,-0.0758765,0,23.803,38.2325,-33.6532,1
-0.0723286,0.832258,-0.54965,0,0.0430626,0.553186,0.831944,0,0.996451,0.036504,-0.0758504,0,23.7969,38.2576,-33.6603,1
-0.0723613,0.832289,-0.549599,0,0.0431813,0.553141,0.831968,0,0.996443,0.0364699,-0.0759654,0,23.8243,38.2358,-33.6432,1
-0.0722993,0.832291,-0.549604,0,0.0431377,0.55314,0.831971,0,0.99645,0.0364423,-0.0758948,0,23.8048,38.2361,-33.6565,1
-0.0723453,0.832292,-0.549597,0,0.0431615,0.553137,0.831972,0,0.996445,0.0364679,-0.0759398,0,23.8239,38.2342,-33.6337,1
-0.0723279,0.832286,-0.549609,0,0.0431345,0.553147,0.831967,0,0.996448,0.0364673,-0.0759082,0,23.806,38.2327,-33.6421,1
-0.0723477,0.832275,-0.549622,0,0.0431362,0.553161,0.831957,0,0.996446,0.0364816,-0.0759212,0,23.8049,38.2444,-33.6539,1
-0.0723058,0.832288,-0.549608,0,0.0431452,0.553145,0.831967,0,0.996449,0.0364431,-0.0759048,0,23.8196,38.2469,-33.6504,1
-0.0723228,0.832296,-0.549594,0,0.0431917,0.553134,0.831972,0,0.996446,0.0364328,-0.0759524,0,23.82,38.2456,-33.6377,1
-0.0723513,0.832274,-0.549623,0,0.0431409,0.553163,0.831955,0,0.996446,0.0364819,-0.0759271,0,23.8089,38.2294,-33.6397,1
-0.0723639,0.83228,-0.549613,0,0.0431212,0.553153,0.831963,0,0.996446,0.0365042,-0.0759173,0,23.8061,38.2311,-33.6535,1
-0.0723277,0.832277,-0.549623,0,0.0430508,0.553158,0.831964,0,0.996451,0.0365124,-0.0758388,0,23.8009,38.246,-33.6654,1
-0.0723034,0.832281,-0.549619,0,0.0431582,0.553156,0.831959,0,0.996449,0.036433,-0.0759148,0,23.8124,38.2427,-33.6425,1
-0.0723424,0.832262,-0.549642,0,0.0431034,0.55318,0.831946,0,0.996448,0.0364935,-0.0758917,0,23.8051,38.2402,-33.6474,1
-0.0723365,0.83226,-0.549647,0,0.0431728,0.553186,0.831938,0,0.996445,0.0364498,-0.0759465,0,23.8239,38.2536,-33.6459,1
-0.0723588,0.832281,-0.549612,0,0.043174,0.553153,0.83196,0,0.996444,0.0364707,-0.0759584,0,23.8227,38.2378,-33.6372,1
-0.0723624,0.832278,-0.549615,0,0.0431573,0.553157,0.831959,0,0.996444,0.0364827,-0.0759466,0,23.8124,38.2353,-33.6545,1
-0.0723484,0.832261,-0.549644,0,0.0431303,0.553183,0.831943,0,0.996447,0.0364835,-0.0759176,0,23.8119,38.2455,-33.6537,1
-0.0723363,0.83229,-0.549602,0,0.0432069,0.553143,0.831965,0,0.996444,0.0364348,-0.075973,0,23.8243,38.2322,-33.644,1
-0.0723101,0.832289,-0.549605,0,0.0432108,0.553145,0.831964,0,0.996446,0.0364106,-0.0759619,0,23.8245,38.2435,-33.6408,1
-0.0723621,0.832257,-0.549647,0,0.0431075,0.553187,0.831941,0,0.996447,0.0365071,-0.0759062,0,23.8052,38.2361,-33.6591,1
-0.0723472,0.832272,-0.549626,0,0.0430753,0.553164,0.831958,0,0.996449,0.0365147,-0.0758702,0,23.797,38.235,-33.6552,1
-0.0723475,0.832285,-0.549607,0,0.0431406,0.553147,0.831966,0,0.996446,0.0364803,-0.0759241,0,23.8159,38.2532,-33.6563,1
-0.0723766,0.832273,-0.549622,0,0.0431942,0.553165,0.831951,0,0.996442,0.0364734,-0.0759856,0,23.8286,38.246,-33.6322,1
-0.072345,0.832286,-0.549606,0,0.0432165,0.553148,0.831961,0,0.996443,0.0364362,-0.075986,0,23.8249,38.2405,-33.6413,1
-0.0723468,0.83227,-0.54963,0,0.043113,0.553169,0.831953,0,0.996447,0.036493,-0.0759016,0,23.8072,38.2312,-33.6505,1
-0.0722794,0.83228,-0.549624,0,0.043086,0.553156,0.831963,0,0.996453,0.0364528,-0.0758414,0,23.7972,38.2259,-33.6695,1
-0.0723104,0.832292,-0.549601,0,0.0431731,0.55314,0.831969,0,0.996447,0.036432,-0.0759303,0,23.8256,38.2439,-33.6425,1
-0.0723425,0.832267,-0.549636,0,0.0431843,0.553176,0.831944,0,0.996445,0.0364494,-0.075959,0,23.8143,38.2412,-33.6382,1
-0.0723184,0.832272,-0.549631,0,0.0431345,0.553168,0.831952,0,0.996449,0.0364575,-0.0759038,0,23.802,38.2429,-33.6539,1
-0.0723347,0.832273,-0.549627,0,0.0431372,0.553166,0.831954,0,0.996447,0.0364698,-0.075915,0,23.8081,38.2354,-33.6539,1
-0.0723485,0.832276,-0.54962,0,0.0430786,0.553158,0.831962,0,0.996449,0.0365144,-0.0758735,0,23.8113,38.2513,-33.6574,1
-0.0723238,0.832277,-0.549623,0,0.0431048,0.553159,0.83196,0,0.99645,0.0364791,-0.0758816,0,23.8143,38.2468,-33.6496,1
-0.0723525,0.832266,-0.549635,0,0.0431775,0.553177,0.831944,0,0.996444,0.0364614,-0.0759589,0,23.8167,38.2347,-33.6523,1
-0.0723172,0.832251,-0.549662,0,0.0430834,0.553197,0.831936,0,0.996451,0.0364819,-0.0758618,0,23.8019,38.2485,-33.661,1
-0.0723567,0.832289,-0.5496,0,0.0431355,0.55314,0.831971,0,0.996446,0.0364915,-0.0759246,0,23.806,38.2351,-33.651,1
-0.0723519,0.832266,-0.549635,0,0.0430983,0.553173,0.831951,0,0.996448,0.0365049,-0.0758924,0,23.7929,38.223,-33.6564,1
-0.0723615,0.832269,-0.549629,0,0.0431525,0.55317,0.83195,0,0.996445,0.0364834,-0.0759427,0,23.8144,38.2294,-33.637,1
-0.0723784,0.832258,-0.549644,0,0.0431103,0.553185,0.831943,0,0.996445,0.0365194,-0.0759174,0,23.8036,38.2309,-33.6594,1
-0.0723317,0.832278,-0.54962,0,0.0431161,0.553158,0.83196,0,0.996448,0.0364797,-0.0758954,0,23.8127,38.2405,-33.6501,1
-0.072329,0.832273,-0.549628,0,0.0430905,0.553164,0.831957,0,0.99645,0.036491,-0.0758728,0,23.7959,38.2398,-33.6528,1
-0.0723414,0.832277,-0.54962,0,0.043109,0.553158,0.83196,0,0.996448,0.0364916,-0.0758949,0,23.8021,38.2379,-33.6503,1
-0.0723266,0.832264,-0.549641,0,0.0431616,0.55318,0.831943,0,0.996447,0.0364483,-0.0759315,0,23.8151,38.2547,-33.6515,1
-0.0723002,0.832273,-0.549632,0,0.0431496,0.553169,0.831951,0,0.996449,0.0364339,-0.0759064,0,23.8166,38.243,-33.6566,1
-0.0723265,0.832273,-0.549628,0,0.0431456,0.553167,0.831953,0,0.996447,0.0364583,-0.0759175,0,23.8052,38.2351,-33.6628,1
-0.0723253,0.832272,-0.549629,0,0.0431245,0.553167,0.831954,0,0.996449,0.0364689,-0.0758992,0,23.8044,38.2502,-33.6475,1
-0.0723167,0.832249,-0.549666,0,0.0431211,0.553202,0.83193,0,0.996449,0.0364602,-0.0758932,0,23.7923,38.2506,-33.6484,1
-0.0723069,0.832257,-0.549655,0,0.043092,0.55319,0.83194,0,0.996451,0.0364694,-0.075863,0,23.7992,38.2397,-33.6671,1
-0.0723957,0.832268,-0.549626,0,0.0431189,0.553169,0.831953,0,0.996444,0.0365305,-0.0759336,0,23.8001,38.2315,-33.6398,1
-0.0723237,0.832293,-0.549598,0,0.0431523,0.553136,0.831973,0,0.996447,0.036455,-0.0759202,0,23.8155,38.263,-33.6361,1
-0.0723449,0.832263,-0.54964,0,0.0431463,0.55318,0.831944,0,0.996446,0.036472,-0.0759289,0,23.8128,38.2509,-33.6569,1
-0.0723511,0.83227,-0.549629,0,0.0431583,0.55317,0.83195,0,0.996445,0.0364715,-0.0759418,0,23.8101,38.2363,-33.6431,1
-0.0723696,0.832271,-0.549625,0,0.0431049,0.553165,0.831956,0,0.996446,0.0365169,-0.0759073,0,23.8057,38.234,-33.6588,1
-0.0723509,0.83227,-0.549629,0,0.0431578,0.55317,0.83195,0,0.996445,0.0364716,-0.0759413,0,23.8108,38.2362,-33.6489,1
-0.0723251,0.832272,-0.549629,0,0.0431241,0.553167,0.831954,0,0.996448,0.0364689,-0.0758988,0,23.8084,38.249,-33.6504,1
-0.0723814,0.83227,-0.549625,0,0.0431005,0.553166,0.831955,0,0.996445,0.036529,-0.0759102,0,23.7876,38.2269,-33.6508,1
-0.0723952,0.832276,-0.549615,0,0.043161,0.553159,0.831957,0,0.996442,0.0365078,-0.0759678,0,23.8068,38.2409,-33.6435,1
-0.072401,0.832265,-0.549631,0,0.0431047,0.553173,0.831951,0,0.996444,0.0365424,-0.0759247,0,23.794,38.2208,-33.6511,1
-0.0723632,0.832287,-0.549602,0,0.0431634,0.553143,0.831967,0,0.996444,0.0364812,-0.0759516,0,23.8139,38.2401,-33.6314,1
-0.0724006,0.832262,-0.549634,0,0.0431423,0.553178,0.831945,0,0.996442,0.0365208,-0.0759561,0,23.8049,38.2168,-33.6521,1
-0.0723293,0.83226,-0.549648,0,0.0431039,0.553185,0.831943,0,0.996449,0.0364819,-0.075885,0,23.7909,38.2365,-33.6622,1
-0.0723323,0.832263,-0.549642,0,0.0431096,0.553179,0.831946,0,0.996449,0.0364818,-0.0758913,0,23.7982,38.248,-33.6619,1
-0.0723303,0.832265,-0.549639,0,0.0431276,0.553177,0.831947,0,0.996448,0.0364704,-0.075905,0,23.8106,38.2431,-33.6592,1
-0.0723374,0.832277,-0.54962,0,0.0431628,0.55316,0.831957,0,0.996446,0.0364585,-0.0759375,0,23.8098,38.2406,-33.6517,1
-0.0723292,0.83227,-0.549633,0,0.0431087,0.55317,0.831953,0,0.996449,0.0364805,-0.0758884,0,23.8001,38.2459,-33.6473,1
-0.0723356,0.832262,-0.549644,0,0.0431139,0.553182,0.831944,0,0.996448,0.036482,-0.0758968,0,23.8015,38.2333,-33.642,1
